"subject","location","type","id","BMW3_UN_01","BMW3_UN_02","BMW3_UN_03","BMW3_UN_04","BMW3_ME_01","BMW3_ME_02","BMW3_ME_03","BMW3_ME_04","BMW3_IN_01","BMW3_IN_02","BMW3_IN_03","BMW3_IN_04","language"
1,"Mainz","online",1,4,4,4,4,1,1,1,1,1,1,1,1,"DE"
2,"Mainz","online",1,1,3,1,2,4,4,4,4,2,2,3,4,"DE"
3,"Mainz","online",1,3,3,3,3,3,3,3,3,2,1,2,3,"DE"
4,"Mainz","online",1,2,3,2,3,4,3,3,3,3,3,4,3,"DE"
5,"Mainz","online",1,3,3,3,3,4,4,4,3,2,2,2,4,"DE"
6,"Mainz","online",1,1,0,1,0,4,4,4,3,2,1,2,4,"DE"
7,"Mainz","online",1,3,3,2,2,3,4,3,3,3,3,3,3,"DE"
8,"Mainz","online",1,1,3,1,3,0,4,0,0,3,4,4,4,"DE"
9,"Mainz","online",1,3,3,3,3,1,1,1,1,2,1,2,2,"DE"
10,"Mainz","online",1,2,1,1,2,3,3,3,3,2,1,2,3,"DE"
11,"Mainz","online",1,2,3,1,1,3,4,4,3,2,3,1,2,"DE"
12,"Mainz","online",1,1,1,1,1,3,3,3,3,1,1,3,3,"DE"
13,"Mainz","online",1,3,3,3,3,3,3,3,3,1,1,1,1,"DE"
14,"Mainz","online",1,3,2,3,3,3,3,3,3,3,2,3,3,"DE"
15,"Mainz","online",1,3,3,3,3,1,3,1,1,2,3,3,3,"DE"
16,"Mainz","online",1,1,3,1,2,3,4,3,3,2,1,2,3,"DE"
17,"Mainz","online",1,3,2,2,3,2,3,3,3,3,4,4,3,"DE"
18,"Mainz","online",1,1,2,3,3,3,4,3,3,1,1,3,4,"DE"
19,"Mainz","online",1,3,3,3,3,3,4,3,4,1,0,3,3,"DE"
20,"Mainz","online",1,4,3,1,3,3,4,3,1,4,2,3,0,"DE"
21,"Mainz","online",1,3,3,3,3,4,4,3,3,3,3,4,4,"DE"
22,"Mainz","online",1,3,3,4,3,4,0,3,4,4,2,3,3,"DE"
23,"Mainz","online",1,3,3,1,1,3,3,3,2,3,3,3,3,"DE"
24,"Mainz","online",1,3,1,2,3,3,3,3,3,2,2,3,1,"DE"
25,"Mainz","online",1,4,1,2,2,4,4,3,3,3,3,4,4,"DE"
26,"Mainz","online",1,1,2,1,1,3,3,3,3,1,1,1,3,"DE"
27,"Mainz","online",1,3,2,3,1,3,3,3,2,0,0,3,3,"DE"
28,"Mainz","online",1,2,1,1,1,4,1,4,4,0,0,1,0,"DE"
29,"Mainz","online",1,3,2,1,3,2,3,3,2,1,2,3,3,"DE"
30,"Mainz","online",1,3,4,3,4,3,3,3,3,3,3,4,4,"DE"
31,"Mainz","online",1,1,1,1,1,3,3,3,3,1,1,1,3,"DE"
32,"Mainz","online",1,4,4,4,4,1,1,1,1,3,3,3,3,"DE"
33,"Mainz","online",1,3,1,2,2,3,3,3,1,2,1,3,2,"DE"
34,"Mainz","online",1,3,3,2,2,3,3,3,3,2,2,3,3,"DE"
35,"Mainz","online",1,1,1,1,1,4,4,4,4,2,0,0,3,"DE"
36,"Mainz","online",1,3,4,2,3,3,3,3,2,1,2,3,3,"DE"
37,"Mainz","online",1,3,3,2,3,2,4,2,1,0,0,1,0,"DE"
38,"Mainz","online",1,3,3,3,1,4,4,4,4,4,3,4,3,"DE"
39,"Mainz","online",1,2,3,2,3,3,3,3,3,3,2,3,3,"DE"
40,"Mainz","online",1,3,1,2,1,4,4,4,4,1,2,1,4,"DE"
41,"Mainz","online",1,4,3,4,4,2,2,2,2,1,0,3,4,"DE"
42,"Mainz","online",1,2,2,3,3,3,3,3,2,1,1,2,3,"DE"
43,"Mainz","online",1,2,1,1,1,3,4,3,3,1,2,3,3,"DE"
44,"Mainz","online",1,3,3,2,1,3,3,3,3,1,2,1,3,"DE"
45,"Mainz","online",1,4,3,4,4,4,3,3,3,4,3,4,3,"DE"
46,"Mainz","online",1,1,3,1,3,3,3,3,3,2,3,3,3,"DE"
47,"Mainz","online",1,3,2,3,3,1,1,2,3,3,2,2,2,"DE"
48,"Mainz","online",1,3,3,3,3,2,2,2,2,1,1,3,3,"DE"
49,"Mainz","online",1,3,2,3,3,4,4,3,3,0,0,2,3,"DE"
50,"Mainz","online",1,3,2,1,2,4,3,4,3,0,0,2,1,"DE"
51,"Mainz","online",1,4,4,4,4,1,3,1,1,1,0,2,3,"DE"
52,"Mainz","online",1,3,3,3,3,3,4,2,2,3,1,3,3,"DE"
53,"Mainz","online",1,1,2,1,1,3,3,3,3,1,1,1,1,"DE"
54,"Mainz","online",1,3,2,3,1,4,4,4,3,1,1,3,4,"DE"
55,"Mainz","online",1,3,1,2,3,3,3,3,3,2,2,3,1,"DE"
56,"Mainz","online",1,3,2,3,3,3,3,3,1,1,2,3,3,"DE"
57,"Mainz","online",1,4,2,4,3,3,3,3,2,3,2,3,4,"DE"
58,"Mainz","online",1,3,4,2,3,2,4,3,2,1,1,3,4,"DE"
59,"Mainz","online",1,1,3,4,1,3,3,3,3,1,1,1,3,"DE"
60,"Mainz","online",1,3,3,2,2,3,3,3,2,3,3,3,3,"DE"
61,"Mainz","online",1,1,3,3,3,3,4,4,3,1,0,1,3,"DE"
62,"Mainz","online",1,3,3,3,3,3,3,3,3,3,3,3,3,"DE"
63,"Mainz","online",1,0,0,3,3,4,4,4,3,2,2,3,1,"DE"
64,"Mainz","online",1,4,4,4,4,1,2,1,1,3,3,3,1,"DE"
65,"Mainz","online",1,1,1,0,0,4,3,3,3,3,1,3,1,"DE"
66,"Mainz","online",1,3,3,3,3,3,3,3,3,1,1,1,3,"DE"
67,"Mainz","online",1,3,1,3,3,2,2,2,2,3,3,4,3,"DE"
68,"Mainz","online",1,3,2,3,2,2,2,1,1,2,1,2,3,"DE"
69,"Mainz","online",1,2,1,1,1,3,3,3,3,0,0,1,1,"DE"
70,"Mainz","online",1,1,3,4,3,3,4,4,4,2,1,1,4,"DE"
71,"Mainz","online",1,3,3,3,3,3,3,3,3,3,3,3,3,"DE"
72,"Mainz","online",1,1,3,1,1,3,4,3,3,1,1,3,3,"DE"
73,"Mainz","online",1,3,2,2,3,3,3,3,3,2,2,3,1,"DE"
74,"Mainz","online",1,2,2,1,2,3,3,2,2,4,3,4,4,"DE"
75,"Mainz","online",1,3,3,3,2,4,4,4,3,0,3,3,4,"DE"
76,"Mainz","online",1,2,1,1,1,4,3,4,3,2,0,2,4,"DE"
77,"Mainz","online",1,3,3,3,2,3,3,3,3,2,1,3,3,"DE"
78,"Mainz","online",1,1,3,1,1,4,4,4,4,1,0,1,3,"DE"
79,"Mainz","online",1,3,2,3,3,3,1,3,3,2,1,3,3,"DE"
80,"Mainz","online",1,4,3,3,2,4,4,4,3,1,2,3,4,"DE"
81,"Mainz","online",1,4,4,4,4,1,3,1,1,1,0,0,3,"DE"
82,"Mainz","online",1,0,0,0,0,4,4,4,4,0,0,0,4,"DE"
83,"Mainz","online",1,4,3,3,3,4,4,4,4,1,2,3,4,"DE"
84,"Mainz","online",1,4,3,4,3,3,3,3,3,1,0,3,2,"DE"
85,"Mainz","online",1,3,1,1,2,3,3,1,4,3,0,2,3,"DE"
86,"Mainz","online",1,3,3,2,3,3,3,1,3,1,0,3,3,"DE"
87,"Mainz","online",1,3,3,3,1,3,3,3,3,3,2,3,3,"DE"
88,"Mainz","online",1,4,4,3,4,0,4,3,3,4,3,3,4,"DE"
89,"Mainz","online",1,3,3,3,3,3,2,2,1,1,1,1,1,"DE"
90,"Mainz","online",1,3,3,2,2,3,3,3,2,0,0,0,0,"DE"
91,"Mainz","online",1,1,1,0,1,4,4,4,3,0,0,0,3,"DE"
92,"Mainz","online",1,3,1,3,2,3,4,4,3,2,1,3,3,"DE"
93,"Mainz","online",1,3,3,2,2,3,3,3,3,1,1,1,3,"DE"
94,"Mainz","online",1,3,1,1,1,3,4,3,3,4,1,4,4,"DE"
95,"Mainz","online",1,3,3,3,3,1,2,1,1,2,1,3,3,"DE"
96,"Mainz","online",1,3,1,3,3,4,4,4,4,1,1,1,2,"DE"
97,"Mainz","online",1,3,2,4,3,3,3,2,2,4,2,4,4,"DE"
98,"Mainz","online",1,3,3,2,3,3,1,4,3,2,1,2,2,"DE"
99,"Mainz","online",1,3,3,1,3,2,4,4,3,2,3,4,4,"DE"
100,"Mainz","online",1,1,3,1,1,3,3,3,3,3,2,3,3,"DE"
101,"Mainz","online",1,1,1,3,1,2,2,2,3,3,3,3,4,"DE"
102,"Mainz","online",1,4,2,2,3,3,3,3,2,3,2,3,3,"DE"
103,"Mainz","online",1,4,3,3,4,1,3,2,2,3,3,3,4,"DE"
104,"Zuerich","lab",1,4,2,3,3,4,3,4,1,1,2,3,4,"DE"
105,"Zuerich","lab",1,4,3,3,4,1,3,2,1,0,4,1,3,"DE"
106,"Zuerich","lab",1,3,3,2,3,3,4,2,4,1,0,1,4,"DE"
107,"Zuerich","lab",1,1,3,2,1,4,4,4,3,0,0,1,3,"DE"
108,"Zuerich","lab",1,3,4,4,4,2,2,2,2,4,3,4,2,"DE"
109,"Zuerich","lab",1,3,2,1,1,3,3,3,1,1,3,1,3,"DE"
110,"Zuerich","lab",1,4,4,4,4,3,4,3,3,3,3,3,3,"DE"
111,"Zuerich","lab",1,3,3,1,1,3,3,3,1,1,1,1,1,"DE"
112,"Zuerich","lab",1,2,3,3,2,4,0,4,4,2,0,3,4,"DE"
113,"Zuerich","lab",1,4,1,1,0,3,3,3,3,0,2,1,1,"DE"
114,"Zuerich","lab",1,4,4,3,3,3,4,2,1,4,4,4,4,"DE"
115,"Zuerich","lab",1,1,3,1,1,4,4,4,4,3,3,3,4,"DE"
116,"Zuerich","lab",1,3,3,3,3,2,2,2,2,1,1,1,1,"DE"
117,"Zuerich","lab",1,2,3,2,3,1,2,1,1,2,2,3,2,"DE"
118,"Zuerich","lab",1,4,3,3,3,2,1,1,1,4,3,4,1,"DE"
119,"Zuerich","lab",1,3,2,3,3,1,2,2,1,3,1,4,2,"DE"
120,"Zuerich","lab",1,3,3,3,2,2,4,3,3,4,0,3,3,"DE"
121,"Zuerich","lab",1,3,3,3,3,2,3,1,1,0,0,0,1,"DE"
122,"Zuerich","lab",1,3,3,2,1,2,2,2,1,4,1,2,1,"DE"
123,"Zuerich","lab",1,3,3,2,2,4,4,4,3,2,3,3,2,"DE"
124,"Zuerich","lab",1,3,2,3,3,3,4,3,3,3,1,2,3,"DE"
125,"Zuerich","lab",1,4,2,4,4,2,3,3,3,1,4,3,4,"DE"
126,"Zuerich","lab",1,4,3,3,3,1,4,2,3,0,0,0,2,"DE"
127,"Zuerich","lab",1,3,1,2,3,3,4,3,3,0,1,4,4,"DE"
128,"Zuerich","lab",1,1,3,1,2,1,3,1,1,2,1,3,1,"DE"
129,"Zuerich","lab",1,1,1,1,1,3,3,3,3,2,1,3,0,"DE"
130,"Zuerich","lab",1,3,3,1,1,2,2,1,1,2,2,2,3,"DE"
131,"Zuerich","lab",1,1,3,1,1,3,3,3,2,1,3,2,3,"DE"
132,"Zuerich","lab",1,2,4,4,4,2,4,2,2,3,3,2,2,"DE"
133,"Zuerich","lab",1,3,4,4,4,0,4,1,1,1,3,3,4,"DE"
134,"Zuerich","lab",1,3,4,3,3,1,3,2,1,1,2,4,4,"DE"
135,"Zuerich","lab",1,4,4,3,4,1,3,1,1,0,0,0,3,"DE"
136,"Zuerich","lab",1,3,4,2,1,2,3,2,3,3,4,3,3,"DE"
137,"Zuerich","lab",1,3,3,3,3,3,3,3,3,4,4,4,1,"DE"
138,"Zuerich","lab",1,3,3,3,4,2,3,1,1,2,2,3,4,"DE"
139,"Zuerich","lab",1,3,3,3,3,3,3,3,3,3,1,1,3,"DE"
140,"Zuerich","lab",1,3,2,1,3,4,3,3,3,4,3,3,3,"DE"
141,"Zuerich","lab",1,3,3,1,2,4,4,3,3,1,1,1,3,"DE"
142,"Zuerich","lab",1,3,2,2,2,3,4,3,3,2,1,2,3,"DE"
143,"Zuerich","lab",1,3,3,3,3,2,3,1,2,2,2,3,4,"DE"
144,"Zuerich","lab",1,4,4,4,4,3,4,4,4,4,4,4,4,"DE"
145,"Zuerich","lab",1,4,1,3,3,4,4,3,4,3,2,3,3,"DE"
146,"Zuerich","lab",1,3,1,2,3,3,4,3,2,3,3,4,3,"DE"
147,"Zuerich","lab",1,4,4,3,3,2,1,0,1,4,4,4,3,"DE"
148,"Zuerich","lab",1,3,3,3,3,1,4,2,1,2,0,3,3,"DE"
149,"Zuerich","lab",1,3,1,1,2,2,3,3,1,2,2,3,3,"DE"
150,"Zuerich","lab",1,2,1,1,2,3,3,4,4,1,1,1,1,"DE"
151,"Zuerich","lab",1,2,3,1,1,3,3,3,3,2,1,3,3,"DE"
152,"Zuerich","lab",1,4,4,3,4,0,1,1,1,3,3,4,4,"DE"
153,"Zuerich","lab",1,4,3,4,4,2,2,2,2,1,0,1,1,"DE"
154,"Zuerich","lab",1,1,3,2,3,3,4,3,2,0,1,1,3,"DE"
155,"Zuerich","lab",1,2,3,1,2,4,4,4,3,0,0,1,3,"DE"
156,"Zuerich","lab",1,1,3,3,2,2,1,3,3,1,2,2,2,"DE"
157,"Zuerich","lab",1,3,4,4,2,4,3,4,4,2,2,2,2,"DE"
158,"Zuerich","lab",1,3,2,3,4,4,4,4,4,4,4,4,4,"DE"
159,"Zuerich","lab",1,4,4,0,3,3,3,3,4,3,1,3,3,"DE"
160,"Zuerich","lab",1,3,3,2,3,3,3,3,3,2,0,3,4,"DE"
161,"Zuerich","lab",1,4,3,4,2,1,1,1,1,2,1,4,4,"DE"
162,"Zuerich","lab",1,1,0,1,0,4,3,4,4,0,0,2,0,"DE"
163,"Zuerich","lab",1,3,2,2,2,3,4,3,3,3,1,1,1,"DE"
164,"Zuerich","lab",1,3,3,1,2,3,3,3,3,1,0,3,4,"DE"
165,"Zuerich","lab",1,2,1,1,1,4,3,3,4,1,1,2,1,"DE"
166,"Zuerich","lab",1,3,3,3,4,3,2,3,0,0,0,0,0,"DE"
167,"Zuerich","lab",1,3,3,1,1,3,4,3,3,4,1,4,3,"DE"
168,"Zuerich","lab",1,4,1,3,3,2,1,1,1,3,3,4,4,"DE"
169,"Zuerich","lab",1,3,2,2,2,3,3,3,3,1,1,2,2,"DE"
170,"Zuerich","lab",1,3,3,3,2,3,3,2,2,1,1,1,3,"DE"
171,"Zuerich","lab",1,3,3,3,3,3,4,3,1,2,3,2,3,"DE"
172,"Zuerich","lab",1,3,2,2,3,3,2,3,2,1,0,3,3,"DE"
173,"Zuerich","lab",1,2,2,2,2,3,3,3,3,1,2,2,2,"DE"
174,"Zuerich","lab",1,4,2,3,3,2,4,3,2,4,3,3,4,"DE"
175,"Zuerich","lab",1,3,1,1,3,3,4,3,3,3,2,4,3,"DE"
176,"Zuerich","lab",1,4,3,2,2,3,3,2,1,1,1,3,1,"DE"
177,"Heidelberg","lab",1,3,4,4,3,3,3,3,3,0,2,4,4,"DE"
178,"Heidelberg","lab",1,3,3,2,1,3,3,3,2,1,2,3,3,"DE"
179,"Heidelberg","lab",1,3,3,3,2,2,4,4,3,2,3,3,3,"DE"
180,"Heidelberg","lab",1,3,3,3,2,4,4,4,4,1,2,1,0,"DE"
181,"Heidelberg","lab",1,3,4,4,4,3,3,3,3,3,2,1,3,"DE"
182,"Heidelberg","lab",1,3,3,3,2,0,2,1,0,1,2,2,0,"DE"
183,"Heidelberg","lab",1,1,3,2,1,3,3,3,3,1,1,2,3,"DE"
184,"Heidelberg","lab",1,1,1,1,1,4,3,3,3,1,0,0,3,"DE"
185,"Heidelberg","lab",1,3,1,3,3,1,2,1,3,2,0,3,1,"DE"
186,"Heidelberg","lab",1,3,3,2,1,3,2,3,1,3,2,4,4,"DE"
187,"Heidelberg","lab",1,4,4,2,2,2,1,2,2,2,2,2,2,"DE"
188,"Heidelberg","lab",1,3,3,1,3,1,3,1,1,0,0,1,2,"DE"
189,"Heidelberg","lab",1,3,1,1,1,3,4,1,1,1,1,3,3,"DE"
190,"Heidelberg","lab",1,2,1,1,3,3,3,3,2,3,1,3,4,"DE"
191,"Heidelberg","lab",1,3,3,4,4,3,3,3,3,4,4,4,4,"DE"
192,"Heidelberg","lab",1,2,2,2,2,3,1,1,2,1,1,1,1,"DE"
193,"Heidelberg","lab",1,3,3,3,2,3,3,3,3,2,2,3,4,"DE"
194,"Heidelberg","lab",1,3,3,2,3,2,3,2,2,1,0,0,3,"DE"
195,"Heidelberg","lab",1,1,3,2,1,3,4,3,4,1,1,3,3,"DE"
196,"Heidelberg","lab",1,1,1,2,1,3,3,3,3,4,3,3,2,"DE"
197,"Heidelberg","lab",1,4,3,3,3,3,3,1,0,4,2,3,3,"DE"
198,"Heidelberg","lab",1,1,1,1,1,3,3,3,3,0,0,0,0,"DE"
199,"Heidelberg","lab",1,1,3,2,0,3,3,3,3,4,2,3,3,"DE"
200,"Heidelberg","lab",1,4,3,3,3,3,4,3,3,2,0,2,4,"DE"
201,"Heidelberg","lab",1,3,4,3,3,3,2,2,1,3,3,4,1,"DE"
202,"Heidelberg","lab",1,4,3,3,3,2,3,2,1,2,1,1,3,"DE"
203,"Heidelberg","lab",1,4,4,4,4,1,1,3,3,1,3,3,1,"DE"
204,"Heidelberg","lab",1,3,3,3,3,0,3,1,1,4,4,4,1,"DE"
205,"Heidelberg","lab",1,1,2,1,3,4,4,3,3,1,0,4,3,"DE"
206,"Heidelberg","lab",1,3,4,1,2,4,3,4,4,3,2,3,3,"DE"
207,"Heidelberg","lab",1,3,3,1,2,3,3,4,3,1,2,3,1,"DE"
208,"Heidelberg","lab",1,3,4,3,3,0,4,2,1,4,4,4,4,"DE"
209,"Heidelberg","lab",1,2,4,3,4,3,3,3,2,1,0,2,3,"DE"
210,"Heidelberg","lab",1,3,1,1,1,3,3,3,1,0,2,3,3,"DE"
211,"Heidelberg","lab",1,3,4,1,3,3,4,3,3,1,1,1,3,"DE"
212,"Heidelberg","lab",1,1,3,2,3,3,3,3,1,1,1,2,3,"DE"
213,"Heidelberg","lab",1,3,4,1,1,3,3,2,2,1,2,4,4,"DE"
214,"Heidelberg","lab",1,2,2,1,2,2,3,3,2,1,1,4,3,"DE"
215,"Heidelberg","lab",1,0,3,0,0,4,4,4,4,0,4,4,0,"DE"
216,"Heidelberg","lab",1,4,1,2,3,3,4,4,3,3,2,4,4,"DE"
217,"Heidelberg","lab",1,3,3,2,1,3,3,3,3,0,0,0,0,"DE"
218,"Heidelberg","lab",1,1,1,1,3,2,3,3,1,3,3,3,3,"DE"
219,"Heidelberg","lab",1,1,1,1,1,4,3,4,4,0,1,2,2,"DE"
220,"Heidelberg","lab",1,3,3,1,2,4,4,4,4,0,2,3,4,"DE"
221,"Heidelberg","lab",1,1,3,2,1,3,3,3,2,2,2,3,3,"DE"
222,"Heidelberg","lab",1,1,3,1,1,4,3,4,3,1,0,1,1,"DE"
223,"Heidelberg","lab",1,4,4,4,4,0,4,1,3,0,0,0,0,"DE"
224,"Heidelberg","lab",1,3,3,1,1,4,4,4,3,3,1,3,4,"DE"
225,"Heidelberg","lab",1,1,1,1,2,3,3,2,1,2,2,1,2,"DE"
226,"Heidelberg","lab",1,2,1,3,1,4,3,4,4,1,1,4,4,"DE"
227,"Heidelberg","lab",1,1,0,1,1,4,3,4,1,0,3,3,4,"DE"
228,"Heidelberg","lab",1,2,3,2,1,2,3,2,2,0,4,4,2,"DE"
229,"Heidelberg","lab",1,2,3,1,1,4,4,2,1,1,2,0,3,"DE"
230,"Heidelberg","lab",1,4,3,3,4,1,1,1,1,0,2,2,2,"DE"
231,"Heidelberg","lab",1,2,1,1,2,3,4,3,3,2,2,3,2,"DE"
232,"Heidelberg","lab",1,2,2,1,2,3,4,4,4,1,1,2,3,"DE"
233,"Heidelberg","lab",1,2,2,0,0,3,4,4,4,0,0,4,4,"DE"
234,"Heidelberg","lab",1,4,3,3,4,2,2,1,1,1,0,2,3,"DE"
235,"Heidelberg","lab",1,2,1,1,3,3,1,1,3,3,3,3,3,"DE"
236,"Heidelberg","lab",1,2,1,1,1,4,4,4,4,2,2,3,3,"DE"
237,"Heidelberg","lab",1,3,2,2,1,3,4,3,3,1,2,2,2,"DE"
238,"Heidelberg","lab",1,4,4,3,3,3,1,4,3,3,3,3,0,"DE"
239,"Heidelberg","lab",1,4,4,3,3,0,3,1,3,4,3,4,4,"DE"
240,"Heidelberg","lab",1,3,3,1,1,2,3,2,2,1,2,3,4,"DE"
241,"Heidelberg","lab",1,3,4,3,3,2,3,2,2,2,1,2,3,"DE"
242,"Heidelberg","lab",1,1,1,1,1,3,3,3,3,1,1,3,3,"DE"
243,"Heidelberg","lab",1,3,3,3,3,1,3,1,1,1,3,3,3,"DE"
244,"Heidelberg","lab",1,3,3,3,3,4,3,4,3,3,3,3,4,"DE"
245,"Heidelberg","lab",1,1,0,1,2,4,3,4,3,0,0,2,2,"DE"
246,"Heidelberg","lab",1,2,3,1,3,4,4,4,1,1,3,3,3,"DE"
247,"Heidelberg","lab",1,3,3,1,3,3,4,3,2,3,0,3,3,"DE"
248,"Heidelberg","lab",1,3,4,2,2,4,4,4,3,3,3,3,2,"DE"
249,"Heidelberg","lab",1,1,1,0,1,3,3,3,3,0,2,2,0,"DE"
250,"Heidelberg","lab",1,1,3,1,3,3,3,3,1,1,0,3,3,"DE"
251,"Heidelberg","lab",1,4,4,4,2,2,1,1,1,4,3,4,4,"DE"
252,"Heidelberg","lab",1,3,2,1,2,4,4,4,3,2,0,3,4,"DE"
253,"Heidelberg","lab",1,1,1,1,1,2,3,2,3,4,1,4,3,"DE"
254,"Heidelberg","lab",1,3,3,3,3,3,2,2,2,1,0,2,3,"DE"
255,"Heidelberg","lab",1,3,3,1,1,4,4,3,3,4,1,3,4,"DE"
256,"Heidelberg","lab",1,3,4,2,3,2,4,1,1,2,3,4,3,"DE"
257,"Heidelberg","lab",1,3,3,2,2,3,1,3,1,1,1,2,3,"DE"
258,"Heidelberg","lab",1,1,3,1,2,3,3,4,0,0,1,1,4,"DE"
259,"Heidelberg","lab",1,2,3,3,3,4,4,4,4,2,0,4,4,"DE"
260,"Heidelberg","lab",1,1,1,2,1,3,3,1,1,0,0,3,3,"DE"
261,"Heidelberg","lab",1,3,4,3,3,3,4,3,3,2,0,0,2,"DE"
262,"Heidelberg","lab",1,3,1,3,3,3,3,3,3,3,4,4,4,"DE"
263,"Heidelberg","lab",1,3,1,1,2,4,4,4,4,4,0,4,0,"DE"
264,"Heidelberg","lab",1,3,3,3,4,2,3,2,2,2,3,4,4,"DE"
265,"Heidelberg","lab",1,3,1,1,0,2,2,3,1,2,2,1,2,"DE"
266,"Heidelberg","lab",1,2,2,1,2,3,3,3,0,1,1,3,4,"DE"
267,"Heidelberg","lab",1,3,4,3,3,3,4,3,3,3,3,2,2,"DE"
268,"Heidelberg","lab",1,3,4,2,0,3,3,3,2,4,4,4,3,"DE"
269,"Heidelberg","lab",1,2,3,3,4,3,4,3,3,3,3,3,3,"DE"
270,"Heidelberg","lab",1,4,3,3,3,2,3,2,1,3,3,4,3,"DE"
271,"Heidelberg","lab",1,2,2,1,2,2,3,2,3,3,3,4,3,"DE"
272,"Heidelberg","lab",1,3,3,3,4,3,4,3,3,0,0,3,3,"DE"
273,"Heidelberg","lab",1,4,3,3,3,3,4,4,4,2,0,3,3,"DE"
274,"Heidelberg","lab",1,2,3,1,1,3,3,3,2,1,0,2,4,"DE"
275,"Heidelberg","lab",1,3,4,2,1,3,4,3,3,4,4,4,2,"DE"
276,"Heidelberg","lab",1,4,4,2,3,4,0,4,4,4,2,3,4,"DE"
277,"Heidelberg","lab",1,3,0,1,3,4,3,4,4,2,0,1,3,"DE"
278,"Heidelberg","lab",1,3,3,2,3,2,3,2,1,2,0,2,3,"DE"
279,"Heidelberg","lab",1,3,3,1,2,3,4,3,3,1,2,3,1,"DE"
280,"Heidelberg","lab",1,1,1,3,1,1,4,4,4,3,3,4,4,"DE"
281,"Heidelberg","lab",1,3,3,2,3,3,3,3,3,2,1,2,3,"DE"
282,"Heidelberg","lab",1,2,3,1,3,3,4,4,3,2,3,3,2,"DE"
283,"Heidelberg","lab",1,2,2,3,3,3,3,3,3,2,0,2,1,"DE"
284,"Heidelberg","lab",1,3,3,4,3,4,1,4,3,3,1,3,3,"DE"
285,"Heidelberg","lab",1,4,4,2,4,3,3,3,1,4,0,4,4,"DE"
286,"Heidelberg","lab",1,2,3,2,1,2,3,3,3,3,2,4,4,"DE"
287,"Heidelberg","lab",1,3,3,4,4,3,4,3,2,3,3,4,4,"DE"
288,"Heidelberg","lab",1,3,4,2,3,4,3,3,3,3,1,4,4,"DE"
289,"Heidelberg","lab",1,1,3,1,1,3,4,3,3,1,0,0,4,"DE"
290,"Heidelberg","lab",1,3,3,3,4,3,3,3,1,4,2,3,1,"DE"
291,"Heidelberg","lab",1,1,1,1,1,3,4,3,3,0,2,3,3,"DE"
292,"Heidelberg","lab",1,4,3,3,4,1,4,3,3,4,3,3,3,"DE"
293,"Heidelberg","lab",1,1,3,1,2,3,3,4,3,4,3,3,4,"DE"
294,"Heidelberg","lab",1,3,3,3,4,3,3,1,1,4,4,4,2,"DE"
295,"Heidelberg","lab",1,2,3,3,1,3,3,3,3,0,0,3,4,"DE"
296,"Heidelberg","lab",1,1,3,2,3,1,1,1,1,3,3,4,4,"DE"
297,"Heidelberg","lab",1,1,1,1,1,3,3,4,3,2,3,3,4,"DE"
298,"Heidelberg","lab",1,3,3,1,3,4,4,4,4,4,4,4,4,"DE"
299,"Heidelberg","lab",1,3,2,1,2,3,3,3,2,3,2,4,4,"DE"
300,"Heidelberg","lab",1,3,4,2,3,3,3,4,3,3,3,4,4,"DE"
301,"Heidelberg","lab",1,3,3,2,1,4,4,3,3,2,2,4,4,"DE"
302,"Heidelberg","lab",1,1,3,1,1,3,4,3,4,1,1,3,1,"DE"
303,"Heidelberg","lab",1,3,3,1,2,1,3,1,0,4,4,4,4,"DE"
304,"Heidelberg","lab",1,4,3,4,4,1,2,1,3,1,0,0,0,"DE"
305,"Heidelberg","lab",1,3,3,2,1,4,3,4,1,3,3,3,3,"DE"
306,"Heidelberg","lab",1,1,3,2,1,2,3,3,3,0,0,1,1,"DE"
307,"Heidelberg","lab",1,3,3,2,3,3,3,3,3,0,0,1,3,"DE"
308,"Heidelberg","lab",1,3,3,3,3,3,2,2,2,3,1,3,3,"DE"
309,"Heidelberg","lab",1,3,3,2,2,4,0,0,3,3,1,2,1,"DE"
310,"Heidelberg","lab",1,3,2,2,3,3,4,3,3,1,1,4,2,"DE"
311,"Heidelberg","lab",1,2,2,2,2,3,3,3,3,1,1,3,4,"DE"
312,"Heidelberg","lab",3,4,3,3,0,2,0,0,2,3,0,1,1,"DE"
313,"Heidelberg","lab",3,3,2,1,2,2,1,2,2,2,2,2,1,"DE"
314,"Heidelberg","lab",3,3,2,2,0,1,1,0,1,2,1,0,0,"DE"
315,"Heidelberg","lab",3,3,3,2,2,3,1,3,2,3,3,1,0,"DE"
316,"Heidelberg","lab",3,3,3,4,1,2,0,1,3,3,1,1,1,"DE"
317,"Heidelberg","lab",3,4,2,1,1,1,0,0,2,3,1,3,1,"DE"
318,"Heidelberg","lab",3,3,1,1,3,1,3,3,1,0,3,3,2,"DE"
319,"Heidelberg","lab",3,2,1,2,1,0,3,0,1,3,0,3,2,"DE"
320,"Heidelberg","lab",3,3,2,3,1,1,0,1,1,2,1,2,2,"DE"
321,"Heidelberg","lab",3,2,3,3,2,3,3,3,2,4,3,4,4,"DE"
322,"Heidelberg","lab",3,2,3,1,1,4,4,4,4,0,0,0,4,"DE"
323,"Heidelberg","lab",3,2,3,2,3,3,3,3,2,2,1,3,2,"DE"
324,"Heidelberg","lab",3,2,2,1,2,3,3,3,2,0,0,2,2,"DE"
325,"Heidelberg","lab",3,3,3,4,4,2,1,1,0,0,3,2,2,"DE"
326,"Heidelberg","lab",3,3,3,3,2,3,3,3,3,3,1,3,3,"DE"
327,"Heidelberg","lab",3,3,3,3,3,2,1,2,2,3,4,4,4,"DE"
328,"Heidelberg","lab",3,4,2,3,4,3,3,3,2,2,3,3,4,"DE"
329,"Heidelberg","lab",3,4,3,3,3,2,3,1,3,1,2,4,4,"DE"
330,"Heidelberg","lab",3,3,3,1,2,4,3,4,3,1,2,2,3,"DE"
331,"Heidelberg","lab",3,2,1,1,1,2,2,3,2,1,0,3,3,"DE"
332,"Heidelberg","lab",3,3,0,3,3,3,4,3,3,1,1,4,4,"DE"
333,"Heidelberg","lab",3,4,3,3,4,3,4,3,2,3,2,3,3,"DE"
334,"Heidelberg","lab",3,3,3,3,3,4,3,4,4,2,3,3,4,"DE"
335,"Heidelberg","lab",3,3,3,3,3,3,3,3,1,3,1,4,3,"DE"
336,"Heidelberg","lab",3,3,3,1,1,3,4,3,3,0,1,2,1,"DE"
337,"Heidelberg","lab",3,2,3,3,2,3,2,3,2,2,3,3,3,"DE"
338,"Heidelberg","lab",3,3,3,1,2,3,2,2,1,2,3,3,3,"DE"
339,"Heidelberg","lab",3,3,3,2,3,3,3,3,3,3,3,4,2,"DE"
340,"Heidelberg","lab",3,4,1,2,3,2,2,2,2,1,1,2,3,"DE"
341,"Heidelberg","lab",3,3,3,1,3,3,3,3,3,2,2,3,1,"DE"
342,"Heidelberg","lab",3,3,3,3,3,1,1,1,1,2,2,2,3,"DE"
343,"Heidelberg","lab",3,2,3,3,3,2,3,3,3,2,1,2,3,"DE"
344,"Heidelberg","lab",3,2,2,2,4,2,4,4,3,0,0,0,0,"DE"
345,"Heidelberg","lab",3,3,4,2,1,1,3,1,1,1,0,4,4,"DE"
346,"Heidelberg","lab",3,3,3,1,3,4,4,4,4,1,0,1,3,"DE"
347,"Heidelberg","lab",3,4,4,3,4,1,2,2,2,4,4,4,0,"DE"
348,"Heidelberg","lab",3,2,3,2,3,3,3,3,4,4,3,4,3,"DE"
349,"Heidelberg","lab",3,3,3,3,2,2,2,2,2,3,3,3,2,"DE"
350,"Heidelberg","lab",3,3,3,3,3,3,2,3,2,0,0,2,1,"DE"
351,"Heidelberg","lab",3,4,3,3,3,3,3,1,2,3,3,3,1,"DE"
352,"Heidelberg","lab",3,3,4,2,3,4,4,4,4,4,4,4,4,"DE"
353,"Heidelberg","online",2,0,0,0,0,4,4,3,3,4,4,3,3,"DE"
354,"Heidelberg","online",2,0,1,0,2,4,3,4,4,0,0,0,3,"DE"
355,"Heidelberg","online",2,3,3,3,3,4,4,3,4,1,1,1,2,"DE"
356,"Heidelberg","online",2,3,3,2,2,3,3,3,3,3,3,3,4,"DE"
357,"Heidelberg","online",2,3,3,3,3,3,3,3,1,3,4,4,1,"DE"
358,"Heidelberg","online",2,3,2,3,3,3,3,4,4,2,0,3,3,"DE"
359,"Heidelberg","online",2,3,3,3,3,3,3,3,1,4,3,3,4,"DE"
360,"Heidelberg","online",2,3,3,3,4,3,4,3,3,0,0,0,4,"DE"
361,"Heidelberg","online",2,3,3,3,3,2,3,3,3,3,3,2,3,"DE"
362,"Heidelberg","online",2,3,3,3,3,3,3,3,3,0,0,0,0,"DE"
363,"Heidelberg","online",2,2,3,1,1,4,4,4,4,3,4,3,3,"DE"
364,"Heidelberg","online",2,3,2,2,3,3,4,3,3,2,2,2,3,"DE"
365,"Heidelberg","online",2,3,3,2,3,3,4,3,3,3,4,4,3,"DE"
366,"Heidelberg","online",2,4,4,4,4,0,0,0,0,4,4,4,3,"DE"
367,"Heidelberg","online",2,3,0,1,3,4,3,3,2,1,0,3,3,"DE"
368,"Heidelberg","online",2,4,4,3,3,3,2,3,1,0,0,0,0,"DE"
369,"Heidelberg","online",2,4,3,4,3,2,2,2,3,1,0,1,1,"DE"
370,"Heidelberg","online",2,3,1,1,3,2,3,3,1,4,1,3,4,"DE"
371,"Heidelberg","online",2,3,1,3,2,3,4,3,2,2,2,3,3,"DE"
372,"Heidelberg","online",2,3,3,4,4,1,4,1,1,1,3,3,4,"DE"
373,"Heidelberg","online",2,4,3,4,3,1,2,2,3,3,2,3,3,"DE"
374,"Heidelberg","online",2,3,1,1,3,2,1,1,3,1,3,3,3,"DE"
375,"Heidelberg","online",2,3,1,3,4,3,3,3,0,3,3,3,3,"DE"
376,"Heidelberg","online",2,3,3,3,3,2,3,3,3,1,1,2,3,"DE"
377,"Heidelberg","online",2,3,3,3,3,3,3,3,2,3,3,3,3,"DE"
378,"Heidelberg","online",2,2,3,1,1,4,4,4,4,3,3,3,3,"DE"
379,"Heidelberg","online",2,1,3,1,1,3,3,3,3,3,3,3,3,"DE"
380,"Heidelberg","online",2,4,3,3,3,2,1,1,1,3,3,4,4,"DE"
381,"Heidelberg","online",2,3,3,2,3,3,4,3,3,3,3,3,4,"DE"
382,"Heidelberg","online",2,4,4,4,4,3,4,1,3,0,0,2,3,"DE"
383,"Heidelberg","online",2,3,3,3,3,2,3,2,1,3,0,0,3,"DE"
384,"Heidelberg","online",2,3,3,1,1,1,2,2,1,1,2,4,3,"DE"
385,"Heidelberg","online",2,4,3,4,4,1,1,1,1,4,4,4,3,"DE"
386,"Heidelberg","online",2,4,4,3,4,1,3,2,1,3,3,3,3,"DE"
387,"Heidelberg","online",2,1,0,1,1,3,3,3,1,1,1,1,3,"DE"
388,"Heidelberg","online",2,1,1,1,1,4,3,3,3,0,1,1,1,"DE"
389,"Heidelberg","online",2,3,4,2,3,3,3,3,3,0,0,1,0,"DE"
390,"Heidelberg","online",2,4,3,0,1,3,3,4,3,1,3,3,4,"DE"
391,"Heidelberg","online",2,3,1,1,3,3,3,3,1,1,1,2,3,"DE"
392,"Heidelberg","online",2,1,1,1,3,3,3,3,2,1,1,3,3,"DE"
393,"Heidelberg","online",2,3,3,1,1,1,3,2,1,3,0,3,4,"DE"
394,"Heidelberg","online",2,3,2,1,2,3,4,3,3,3,3,3,3,"DE"
395,"Heidelberg","online",2,2,1,3,3,2,3,3,1,1,2,1,2,"DE"
396,"Heidelberg","online",2,3,3,2,2,2,1,1,1,4,3,2,3,"DE"
397,"Heidelberg","online",2,1,2,1,1,2,3,4,4,1,1,1,3,"DE"
398,"Heidelberg","online",2,3,3,3,3,2,2,2,2,4,3,3,2,"DE"
399,"Heidelberg","online",2,3,2,1,2,3,3,3,3,2,1,3,1,"DE"
400,"Heidelberg","online",2,2,2,2,2,4,3,1,3,3,3,1,0,"DE"
401,"Heidelberg","online",2,3,1,3,3,3,3,3,3,0,2,3,2,"DE"
402,"Heidelberg","online",2,3,1,1,1,4,3,3,3,2,1,2,3,"DE"
403,"Heidelberg","online",2,4,1,4,2,4,1,3,3,0,2,1,1,"DE"
404,"Heidelberg","online",2,3,1,1,3,1,1,1,2,3,1,3,1,"DE"
405,"Heidelberg","online",2,3,2,1,1,4,3,3,3,3,3,3,3,"DE"
406,"Heidelberg","online",2,3,4,3,3,3,3,3,3,3,3,3,3,"DE"
407,"Heidelberg","online",2,4,3,4,3,2,2,1,1,1,0,1,2,"DE"
408,"Heidelberg","online",2,3,3,2,1,3,3,3,2,2,1,1,1,"DE"
409,"Heidelberg","online",2,2,1,0,0,4,3,3,3,1,1,2,1,"DE"
410,"Heidelberg","online",2,3,3,4,3,3,3,3,3,2,1,2,4,"DE"
411,"Heidelberg","online",2,2,2,2,2,3,3,3,3,2,2,2,3,"DE"
412,"Heidelberg","online",2,3,2,3,3,2,3,1,2,3,2,3,3,"DE"
413,"Heidelberg","online",2,3,3,2,3,3,3,3,2,3,3,4,3,"DE"
414,"Heidelberg","online",2,3,4,3,3,2,1,1,2,1,3,3,4,"DE"
415,"Heidelberg","online",2,4,3,4,4,1,1,1,0,4,1,3,1,"DE"
416,"Heidelberg","online",2,4,3,3,3,3,3,3,4,1,0,2,4,"DE"
417,"Heidelberg","online",2,1,3,3,1,3,3,3,3,1,3,3,3,"DE"
418,"Heidelberg","online",2,3,3,3,3,1,3,1,3,3,3,3,3,"DE"
419,"Heidelberg","online",2,1,1,0,0,4,4,4,4,0,0,0,1,"DE"
420,"Heidelberg","online",2,4,4,2,3,4,4,4,4,3,3,4,4,"DE"
421,"Heidelberg","online",2,4,4,2,1,1,4,2,2,4,0,0,1,"DE"
422,"Heidelberg","online",2,4,4,4,4,1,3,2,1,3,2,3,4,"DE"
423,"Heidelberg","online",2,0,1,0,0,3,4,3,2,0,0,0,3,"DE"
424,"Heidelberg","online",2,4,4,4,4,3,4,3,3,3,3,3,3,"DE"
425,"Heidelberg","online",2,3,2,2,3,3,3,3,3,3,3,3,2,"DE"
426,"Heidelberg","online",2,3,3,2,2,4,3,3,3,3,4,3,3,"DE"
427,"Heidelberg","online",2,1,3,1,1,4,0,4,3,3,2,3,3,"DE"
428,"Heidelberg","online",2,3,3,4,4,2,2,1,2,2,1,2,2,"DE"
429,"Heidelberg","online",2,4,3,4,3,1,1,1,1,0,1,2,1,"DE"
430,"Heidelberg","online",2,3,3,4,2,3,3,3,3,2,3,3,3,"DE"
431,"Heidelberg","online",2,3,2,3,3,1,3,1,1,3,3,3,4,"DE"
432,"Heidelberg","online",2,3,1,3,3,1,2,1,1,1,1,1,4,"DE"
433,"Heidelberg","online",2,1,0,0,1,4,3,4,3,0,0,0,0,"DE"
434,"Heidelberg","online",2,3,3,3,3,3,3,3,3,2,2,2,1,"DE"
435,"Heidelberg","online",2,1,1,1,1,4,4,4,3,1,0,1,1,"DE"
436,"Heidelberg","online",2,2,4,2,3,2,3,1,3,0,0,1,0,"DE"
437,"Heidelberg","online",2,4,3,3,3,4,4,4,2,3,3,1,3,"DE"
438,"Heidelberg","online",2,3,1,3,3,3,4,3,3,0,1,1,3,"DE"
439,"Heidelberg","online",2,1,1,0,0,3,4,3,4,2,3,3,0,"DE"
440,"Heidelberg","online",2,3,3,2,3,3,3,3,3,3,3,4,4,"DE"
441,"Heidelberg","online",2,1,3,1,1,3,3,3,3,1,2,2,1,"DE"
442,"Heidelberg","online",2,4,3,4,4,0,1,1,1,1,2,2,3,"DE"
443,"Heidelberg","online",2,2,3,2,2,4,4,4,3,1,3,3,2,"DE"
444,"Heidelberg","online",2,3,3,3,3,3,4,4,4,0,0,0,3,"DE"
445,"Heidelberg","online",2,3,1,1,1,3,3,3,3,3,4,4,2,"DE"
446,"Heidelberg","online",2,0,3,1,2,4,4,4,4,2,0,3,3,"DE"
447,"Heidelberg","online",2,3,1,2,3,3,4,3,3,4,4,4,2,"DE"
448,"Heidelberg","online",2,4,4,3,4,0,4,1,2,3,1,3,2,"DE"
449,"Heidelberg","online",2,3,3,3,3,3,4,4,3,0,2,3,3,"DE"
450,"Heidelberg","online",2,3,3,3,3,3,3,2,3,1,0,2,2,"DE"
451,"Heidelberg","online",2,3,3,2,3,3,3,3,3,3,3,3,4,"DE"
452,"Heidelberg","online",2,3,1,3,3,4,3,4,4,3,3,3,1,"DE"
453,"Heidelberg","online",2,3,3,3,3,2,3,1,2,2,3,3,3,"DE"
454,"Heidelberg","online",2,4,4,4,4,3,3,0,4,1,3,0,0,"DE"
455,"Heidelberg","online",2,3,3,1,1,3,3,3,3,3,3,4,3,"DE"
456,"Heidelberg","online",2,3,3,2,3,3,4,4,3,2,3,2,3,"DE"
457,"Heidelberg","online",2,3,2,2,2,3,3,3,3,3,2,2,3,"DE"
458,"Heidelberg","online",2,3,3,3,3,2,4,2,2,1,1,3,3,"DE"
459,"Heidelberg","online",2,4,2,3,3,1,3,3,3,1,0,1,1,"DE"
460,"Heidelberg","online",2,3,3,1,0,3,3,4,3,3,4,4,4,"DE"
461,"Heidelberg","online",2,2,1,1,3,2,2,1,1,0,0,0,1,"DE"
462,"Heidelberg","online",2,3,1,1,1,4,3,4,3,3,3,4,4,"DE"
463,"Heidelberg","online",2,2,3,3,2,0,4,2,3,3,4,3,4,"DE"
464,"Heidelberg","online",2,3,2,3,2,3,3,3,3,2,0,2,3,"DE"
465,"Heidelberg","online",2,3,2,3,3,3,1,3,3,2,1,1,3,"DE"
466,"Heidelberg","online",2,1,0,0,0,3,3,3,3,3,3,3,3,"DE"
467,"Heidelberg","online",2,2,3,2,3,3,3,1,3,2,2,3,3,"DE"
468,"Heidelberg","online",2,1,3,1,2,3,4,3,3,4,3,4,4,"DE"
469,"Heidelberg","online",2,3,3,1,1,4,4,4,3,3,2,3,3,"DE"
470,"Heidelberg","online",2,3,3,3,3,3,1,4,1,0,0,3,3,"DE"
471,"Heidelberg","online",2,3,4,3,3,3,4,4,4,3,3,3,3,"DE"
472,"Heidelberg","online",2,1,1,2,2,2,2,2,2,2,2,2,2,"DE"
473,"Heidelberg","online",2,3,2,2,3,3,3,2,2,3,1,1,3,"DE"
474,"Heidelberg","online",2,3,2,2,2,3,3,3,2,3,2,1,2,"DE"
475,"Heidelberg","online",2,3,1,1,1,3,3,1,2,0,0,2,3,"DE"
476,"Heidelberg","online",2,3,1,1,1,4,4,3,3,2,0,1,3,"DE"
477,"Heidelberg","online",2,3,3,3,2,4,4,3,3,3,3,4,1,"DE"
478,"Heidelberg","online",2,3,3,1,2,2,3,3,3,2,2,2,2,"DE"
479,"Heidelberg","online",2,4,2,3,4,1,1,1,1,3,3,2,3,"DE"
480,"Heidelberg","online",2,1,1,1,1,3,3,3,1,2,3,1,1,"DE"
481,"Heidelberg","online",2,4,4,2,3,3,2,3,2,4,4,2,0,"DE"
482,"Heidelberg","online",2,4,4,2,3,2,2,2,3,3,3,0,0,"DE"
483,"Heidelberg","online",2,3,1,3,1,1,1,2,3,3,0,4,1,"DE"
484,"Heidelberg","online",2,2,2,2,2,3,3,3,2,3,2,3,2,"DE"
485,"Heidelberg","online",2,4,3,3,3,1,1,1,1,1,0,3,2,"DE"
486,"Heidelberg","online",2,1,1,0,1,4,3,3,3,1,0,0,3,"DE"
487,"Heidelberg","online",2,4,3,3,3,4,4,4,4,3,3,3,0,"DE"
488,"Heidelberg","online",2,1,3,2,4,3,4,3,2,2,3,3,4,"DE"
489,"Heidelberg","online",2,2,3,2,3,3,3,3,2,3,3,3,4,"DE"
490,"Heidelberg","online",2,3,3,1,1,3,2,3,2,2,1,1,3,"DE"
491,"Heidelberg","online",2,3,3,1,3,4,4,1,4,3,3,4,4,"DE"
492,"Heidelberg","online",2,3,3,3,3,3,4,4,3,1,1,1,3,"DE"
493,"Heidelberg","online",2,2,1,1,1,1,3,1,3,1,1,0,0,"DE"
494,"Heidelberg","online",2,3,3,3,3,2,4,2,4,2,0,2,2,"DE"
495,"Heidelberg","online",2,2,1,1,1,4,3,3,3,2,2,3,2,"DE"
496,"Heidelberg","online",2,3,3,3,3,3,3,2,3,2,3,4,4,"DE"
497,"Heidelberg","online",2,4,3,3,3,0,3,3,1,0,0,3,2,"DE"
498,"Heidelberg","online",2,2,1,1,1,1,1,1,1,2,1,3,3,"DE"
499,"Heidelberg","online",2,4,4,4,4,1,2,1,1,2,1,2,1,"DE"
500,"Heidelberg","online",2,1,4,3,3,3,3,2,2,3,2,3,4,"DE"
501,"Heidelberg","online",2,1,4,1,3,1,4,2,1,4,4,2,4,"DE"
502,"Heidelberg","online",2,4,4,4,4,0,2,1,1,1,1,1,1,"DE"
503,"Heidelberg","online",2,2,4,4,4,0,1,0,0,3,2,2,4,"DE"
504,"Heidelberg","online",2,1,1,0,0,3,3,3,3,1,0,1,3,"DE"
505,"Heidelberg","online",2,3,3,2,3,3,4,3,1,3,2,3,1,"DE"
506,"Heidelberg","online",2,1,1,4,0,4,4,4,4,2,4,4,4,"DE"
507,"Heidelberg","online",2,3,3,3,3,2,2,1,3,1,1,0,3,"DE"
508,"Heidelberg","online",2,2,3,3,2,3,3,2,3,1,1,1,1,"DE"
509,"Heidelberg","online",2,1,3,1,3,3,3,3,3,2,0,0,1,"DE"
510,"Heidelberg","online",2,3,1,1,2,3,3,3,2,3,1,1,3,"DE"
511,"Heidelberg","online",2,3,1,1,1,4,3,4,3,3,3,3,3,"DE"
512,"Heidelberg","online",2,3,3,3,3,1,3,3,3,2,2,2,2,"DE"
513,"Heidelberg","online",2,4,4,4,4,1,1,1,1,2,1,1,3,"DE"
514,"Heidelberg","online",2,1,1,1,1,3,2,3,2,1,0,1,3,"DE"
515,"Heidelberg","online",2,2,1,2,2,3,3,2,2,3,3,3,3,"DE"
516,"Heidelberg","online",2,4,4,4,4,0,1,0,1,3,3,3,4,"DE"
517,"Heidelberg","online",2,3,4,1,2,2,3,2,3,2,1,1,3,"DE"
518,"Heidelberg","online",2,4,4,4,4,1,3,1,1,0,0,0,3,"DE"
519,"Heidelberg","online",2,3,4,3,3,3,4,4,3,2,3,3,4,"DE"
520,"Heidelberg","online",2,3,3,1,1,3,3,3,3,2,2,3,1,"DE"
521,"Heidelberg","online",2,3,4,3,3,3,4,3,3,0,1,3,4,"DE"
522,"Heidelberg","online",2,3,2,2,3,4,4,2,3,4,4,3,0,"DE"
523,"Heidelberg","online",2,2,1,2,2,2,2,3,2,3,2,2,1,"DE"
524,"Heidelberg","online",2,1,2,1,0,4,0,4,0,0,0,0,0,"DE"
525,"Heidelberg","online",2,1,2,1,1,3,4,3,3,0,0,2,3,"DE"
526,"Heidelberg","online",2,3,3,3,3,1,2,2,1,2,1,3,4,"DE"
527,"Heidelberg","lab",4,4,4,3,2,4,4,0,4,3,4,0,3,"DE"
528,"Heidelberg","lab",4,3,3,1,1,4,4,3,3,0,3,3,3,"DE"
529,"Heidelberg","lab",4,4,2,3,4,1,3,1,1,1,1,3,1,"DE"
530,"Heidelberg","lab",4,1,2,1,1,3,3,3,2,0,1,2,1,"DE"
531,"Heidelberg","lab",4,1,0,1,1,3,4,3,3,1,2,2,3,"DE"
532,"Heidelberg","lab",4,4,4,4,2,4,1,1,4,0,0,2,0,"DE"
533,"Heidelberg","lab",4,3,1,1,3,3,3,3,3,2,3,3,3,"DE"
534,"Heidelberg","lab",4,3,2,3,4,3,4,3,2,2,1,3,3,"DE"
535,"Heidelberg","lab",4,3,2,1,1,3,3,3,3,2,3,3,4,"DE"
536,"Heidelberg","lab",4,3,3,1,2,2,3,2,1,4,3,4,4,"DE"
537,"Heidelberg","lab",4,1,1,0,1,3,4,4,4,2,2,3,0,"DE"
538,"Heidelberg","lab",4,3,3,2,2,3,3,3,3,1,2,2,3,"DE"
539,"Heidelberg","lab",4,3,3,4,3,2,3,3,3,3,3,3,3,"DE"
540,"Heidelberg","lab",4,4,4,4,3,2,3,2,3,3,3,3,3,"DE"
541,"Heidelberg","lab",4,2,1,3,1,4,3,4,4,2,2,4,4,"DE"
542,"Heidelberg","lab",4,4,3,3,3,3,4,4,3,3,3,3,1,"DE"
543,"Heidelberg","lab",4,3,1,2,4,3,3,3,2,4,4,4,4,"DE"
544,"Heidelberg","lab",4,3,3,2,2,3,3,3,3,3,3,4,3,"DE"
545,"Heidelberg","lab",4,3,3,4,4,3,3,3,3,2,1,2,0,"DE"
546,"Heidelberg","lab",4,2,3,1,3,3,4,2,0,0,0,1,0,"DE"
547,"Heidelberg","lab",4,1,1,1,1,3,4,4,3,2,0,3,3,"DE"
548,"Heidelberg","lab",4,1,1,2,3,4,4,4,4,0,0,0,4,"DE"
549,"Heidelberg","lab",4,1,3,1,1,4,3,4,4,1,0,3,3,"DE"
550,"Heidelberg","lab",4,1,1,2,1,3,1,2,2,0,1,0,3,"DE"
551,"Heidelberg","lab",4,4,4,4,4,0,1,1,3,4,4,4,1,"DE"
552,"Heidelberg","lab",4,2,1,1,3,4,4,3,3,1,1,2,4,"DE"
553,"Heidelberg","lab",4,1,3,1,1,3,3,2,3,1,2,1,3,"DE"
554,"Heidelberg","lab",4,3,3,2,2,4,4,3,3,4,4,4,4,"DE"
555,"Heidelberg","lab",4,3,3,2,3,3,4,3,2,3,2,3,2,"DE"
556,"Heidelberg","lab",4,3,3,3,3,3,3,3,3,3,3,3,3,"DE"
557,"Heidelberg","lab",4,3,2,3,3,3,1,3,3,3,4,3,1,"DE"
558,"Heidelberg","lab",4,1,1,1,1,4,3,3,3,3,3,3,1,"DE"
559,"Heidelberg","lab",4,3,3,3,4,2,3,2,1,3,3,3,3,"DE"
560,"Heidelberg","lab",4,3,3,1,2,3,1,2,2,3,4,3,3,"DE"
561,"Heidelberg","lab",4,3,3,3,3,1,2,1,3,3,1,2,4,"DE"
562,"Heidelberg","lab",4,2,1,1,1,4,0,4,3,2,1,3,3,"DE"
563,"Heidelberg","lab",4,2,3,3,3,2,4,3,3,4,4,4,3,"DE"
564,"Heidelberg","lab",4,3,3,3,3,2,3,2,2,2,3,3,4,"DE"
565,"Heidelberg","lab",4,1,1,1,2,3,3,3,3,3,3,4,4,"DE"
566,"Heidelberg","lab",4,3,0,1,1,3,3,3,3,3,0,1,3,"DE"
567,"Heidelberg","lab",4,1,1,1,3,4,3,4,3,1,1,3,3,"DE"
568,"Heidelberg","lab",4,1,4,3,3,2,3,1,1,1,1,3,4,"DE"
569,"Heidelberg","lab",4,2,3,1,1,3,3,3,3,1,0,2,4,"DE"
570,"Heidelberg","lab",4,3,0,1,3,4,4,4,4,1,0,3,0,"DE"
571,"Heidelberg","lab",4,3,4,2,3,1,1,1,1,1,2,3,3,"DE"
572,"Heidelberg","lab",4,3,1,3,3,3,4,4,4,4,4,4,4,"DE"
573,"Heidelberg","lab",4,1,4,3,2,3,3,2,1,2,1,2,4,"DE"
574,"Heidelberg","lab",4,3,3,3,3,3,3,3,3,4,4,4,4,"DE"
575,"Heidelberg","lab",4,4,3,2,1,2,1,1,1,4,3,3,4,"DE"
576,"Heidelberg","lab",4,3,3,3,3,2,3,2,2,2,2,2,1,"DE"
577,"Heidelberg","lab",4,3,0,1,1,3,3,3,3,2,1,3,1,"DE"
578,"Heidelberg","lab",4,1,3,1,1,4,4,3,3,1,0,1,0,"DE"
579,"Heidelberg","lab",4,1,3,1,3,0,3,1,1,2,2,2,3,"DE"
580,"Heidelberg","lab",4,1,2,1,4,4,4,3,4,3,3,3,4,"DE"
581,"Heidelberg","lab",4,1,1,1,1,4,4,3,3,2,3,3,4,"DE"
582,"Heidelberg","lab",4,1,1,1,2,4,3,3,3,1,1,2,1,"DE"
583,"Heidelberg","lab",4,4,3,3,3,3,4,3,3,3,2,3,3,"DE"
584,"Heidelberg","lab",4,3,1,1,3,4,4,3,3,3,1,3,3,"DE"
585,"Heidelberg","lab",4,3,2,3,3,2,2,2,3,1,1,3,1,"DE"
586,"Heidelberg","lab",4,3,3,4,3,3,3,3,3,1,1,2,1,"DE"
587,"Heidelberg","lab",4,2,1,1,1,4,3,3,3,3,3,2,4,"DE"
588,"Heidelberg","lab",4,1,1,1,4,4,0,4,3,3,3,4,4,"DE"
589,"Heidelberg","lab",4,2,3,1,1,2,2,1,4,2,1,1,4,"DE"
590,"Heidelberg","lab",4,3,1,1,1,2,3,3,3,1,1,1,2,"DE"
591,"Heidelberg","lab",4,3,1,1,3,3,4,3,3,4,3,3,4,"DE"
592,"Heidelberg","lab",4,4,3,2,1,3,3,3,3,2,2,2,1,"DE"
593,"Heidelberg","lab",4,3,4,3,3,2,3,3,3,2,3,3,4,"DE"
594,"Heidelberg","lab",4,4,3,2,3,3,3,3,2,2,0,0,0,"DE"
595,"Heidelberg","lab",4,2,1,1,2,2,4,2,3,0,0,3,3,"DE"
596,"Heidelberg","lab",4,3,3,3,3,3,3,3,2,3,3,4,2,"DE"
597,"Heidelberg","lab",4,1,1,1,2,2,3,3,2,1,1,1,0,"DE"
598,"Heidelberg","lab",4,3,1,2,3,3,3,3,3,4,3,3,1,"DE"
599,"Heidelberg","lab",4,3,3,3,3,3,4,3,3,3,1,1,3,"DE"
600,"Heidelberg","lab",4,4,4,2,2,3,3,3,3,4,3,4,4,"DE"
601,"Heidelberg","lab",4,3,1,1,1,3,4,3,3,4,4,4,3,"DE"
602,"Heidelberg","lab",4,3,4,1,1,3,4,4,4,3,3,3,2,"DE"
603,"Heidelberg","lab",4,1,2,2,3,4,4,4,4,4,4,4,4,"DE"
604,"Heidelberg","lab",4,4,3,4,4,1,3,3,3,4,4,4,4,"DE"
605,"Heidelberg","lab",4,3,3,2,1,4,1,3,3,1,1,3,4,"DE"
606,"Heidelberg","lab",4,3,3,1,1,2,3,3,3,2,0,3,3,"DE"
607,"Heidelberg","lab",4,3,3,3,3,3,3,4,3,1,1,1,1,"DE"
608,"Heidelberg","lab",4,3,0,1,3,3,4,4,3,3,0,4,3,"DE"
609,"Heidelberg","lab",4,3,3,1,3,3,2,2,3,1,1,2,3,"DE"
610,"Heidelberg","lab",4,4,2,3,4,1,3,1,0,3,4,4,4,"DE"
611,"Heidelberg","lab",4,3,2,1,2,3,4,4,3,1,0,3,1,"DE"
612,"Heidelberg","lab",4,4,4,4,4,3,3,3,3,2,1,3,2,"DE"
613,"Heidelberg","lab",4,1,3,1,2,3,4,3,3,1,0,1,3,"DE"
614,"Heidelberg","lab",4,1,3,1,2,4,4,3,3,1,3,3,2,"DE"
615,"Heidelberg","lab",4,3,3,1,3,4,3,3,4,4,4,3,3,"DE"
616,"Heidelberg","lab",4,3,3,1,1,4,4,4,4,1,1,1,4,"DE"
617,"Heidelberg","lab",4,1,1,3,3,2,4,3,3,2,1,3,3,"DE"
618,"Heidelberg","lab",4,1,1,0,0,3,4,4,4,1,0,0,3,"DE"
619,"Heidelberg","lab",4,3,2,1,1,1,3,3,2,1,1,3,2,"DE"
620,"Heidelberg","lab",4,3,4,3,3,1,3,3,3,2,2,2,3,"DE"
621,"Heidelberg","lab",4,3,1,3,1,4,3,3,3,2,3,3,1,"DE"
622,"Heidelberg","lab",4,3,4,2,3,4,3,4,4,4,3,3,3,"DE"
623,"Heidelberg","lab",4,3,3,2,3,3,4,3,3,4,4,4,3,"DE"
624,"Heidelberg","lab",4,4,2,2,3,1,1,1,1,1,1,3,3,"DE"
625,"Heidelberg","lab",4,4,2,1,1,0,0,0,0,3,3,4,2,"DE"
626,"Heidelberg","lab",4,4,4,4,4,0,1,1,1,4,4,4,3,"DE"
627,"Heidelberg","lab",4,3,3,3,3,3,3,3,2,0,1,1,0,"DE"
628,"Heidelberg","lab",4,2,4,1,2,3,1,3,4,4,3,4,4,"DE"
629,"Heidelberg","lab",4,4,4,4,4,1,4,0,1,0,0,3,3,"DE"
630,"Heidelberg","lab",4,3,3,3,3,3,1,3,3,0,0,1,4,"DE"
631,"Heidelberg","lab",4,3,3,3,2,3,3,3,3,2,2,3,3,"DE"
632,"Heidelberg","lab",4,3,3,3,3,3,3,3,3,3,1,3,3,"DE"
633,"Heidelberg","lab",4,1,1,3,3,4,4,4,3,0,0,3,4,"DE"
634,"Heidelberg","lab",4,3,1,1,1,4,3,4,2,2,3,4,3,"DE"
635,"Heidelberg","lab",4,2,1,1,1,4,3,1,3,0,0,0,0,"DE"
636,"Heidelberg","lab",4,4,3,2,3,2,3,3,1,4,1,4,2,"DE"
637,"Heidelberg","lab",4,3,3,2,1,4,4,3,4,1,3,4,3,"DE"
638,"Heidelberg","lab",4,4,1,1,3,1,1,1,1,3,3,3,3,"DE"
639,"Heidelberg","lab",4,3,3,1,2,3,3,2,2,1,3,3,3,"DE"
640,"Heidelberg","lab",4,3,4,3,4,1,3,1,1,1,0,0,3,"DE"
641,"Heidelberg","lab",4,1,1,1,0,4,3,4,4,4,4,4,4,"DE"
642,"Heidelberg","lab",4,3,2,3,3,2,3,3,3,3,3,4,4,"DE"
643,"Heidelberg","lab",4,3,4,1,3,4,3,4,4,4,1,4,3,"DE"
644,"Heidelberg","lab",4,1,3,3,3,3,3,3,2,1,3,3,3,"DE"
645,"Heidelberg","lab",4,3,1,2,3,1,2,1,1,2,3,4,2,"DE"
646,"Heidelberg","lab",4,3,1,2,3,3,3,3,2,2,3,4,4,"DE"
647,"Heidelberg","lab",4,1,3,1,1,3,3,3,3,0,3,3,3,"DE"
648,"Heidelberg","lab",4,3,3,1,3,4,4,4,4,3,4,3,3,"DE"
649,"Heidelberg","lab",4,3,0,3,3,1,0,3,1,4,4,4,4,"DE"
650,"Heidelberg","lab",4,4,3,3,3,2,1,3,3,3,2,2,3,"DE"
651,"Heidelberg","lab",4,0,0,1,0,3,3,3,3,2,1,1,3,"DE"
652,"Heidelberg","lab",4,1,2,3,2,1,3,1,1,2,3,3,2,"DE"
653,"Heidelberg","lab",4,3,3,3,1,4,4,4,4,1,3,4,3,"DE"
654,"Heidelberg","lab",4,1,3,2,1,4,4,4,4,2,1,3,3,"DE"
655,"Heidelberg","lab",4,4,4,3,4,4,4,4,4,1,0,4,4,"DE"
656,"Heidelberg","lab",4,1,1,0,1,4,4,4,3,1,0,0,0,"DE"
657,"Heidelberg","lab",4,2,3,1,1,1,2,3,0,3,3,3,3,"DE"
658,"Heidelberg","lab",4,3,3,2,2,3,0,2,2,3,2,3,3,"DE"
659,"Heidelberg","lab",4,0,1,0,2,4,4,4,3,4,4,4,4,"DE"
660,"Heidelberg","lab",4,1,1,2,3,3,3,3,1,2,0,2,1,"DE"
661,"Heidelberg","lab",4,3,3,4,4,1,3,3,3,4,4,4,4,"DE"
662,"Heidelberg","lab",4,3,2,4,3,4,4,2,3,1,0,3,3,"DE"
663,"Heidelberg","lab",4,3,1,2,1,4,4,4,4,3,3,3,4,"DE"
664,"Heidelberg","lab",4,4,2,3,3,2,1,2,1,1,4,3,3,"DE"
665,"Heidelberg","lab",4,3,1,1,1,3,3,2,1,2,0,2,1,"DE"
666,"Heidelberg","lab",4,3,1,1,2,3,3,3,4,2,4,4,4,"DE"
667,"Heidelberg","lab",4,1,1,3,1,2,3,3,3,3,4,4,3,"DE"
668,"Heidelberg","lab",4,3,2,1,3,4,3,3,3,2,3,4,4,"DE"
669,"Heidelberg","lab",4,3,3,4,3,3,4,3,3,2,2,3,1,"DE"
670,"Heidelberg","lab",4,4,4,3,3,3,3,3,3,3,3,4,2,"DE"
671,"Heidelberg","lab",4,3,3,1,1,2,4,3,4,1,2,1,3,"DE"
672,"Heidelberg","lab",4,3,3,2,1,3,3,3,3,2,2,3,3,"DE"
673,"Heidelberg","lab",4,1,1,1,1,4,4,4,3,0,0,2,2,"DE"
674,"Heidelberg","lab",4,3,3,3,3,3,3,3,3,4,4,4,0,"DE"
675,"Heidelberg","lab",4,4,1,3,3,2,3,2,2,1,1,2,2,"DE"
676,"Heidelberg","lab",4,3,4,3,3,3,4,3,3,4,4,4,3,"DE"
677,"Heidelberg","lab",4,3,3,1,3,3,3,2,1,3,3,3,3,"DE"
678,"Heidelberg","lab",4,3,3,1,2,3,3,3,3,3,3,3,2,"DE"
679,"Heidelberg","lab",4,4,4,3,3,3,4,3,3,4,3,4,3,"DE"
680,"Heidelberg","lab",4,3,2,1,2,1,4,1,1,2,3,3,3,"DE"
681,"Heidelberg","lab",4,3,4,4,4,4,4,4,4,3,2,4,1,"DE"
682,"Heidelberg","lab",4,4,3,2,3,3,3,3,3,4,2,3,1,"DE"
683,"Heidelberg","lab",4,3,4,3,3,3,3,2,1,4,4,4,2,"DE"
684,"Heidelberg","lab",4,3,4,3,3,3,4,3,3,0,0,1,4,"DE"
685,"Heidelberg","lab",4,3,3,3,3,3,3,1,1,3,3,3,2,"DE"
686,"Heidelberg","lab",4,3,3,4,4,2,3,3,1,2,0,0,1,"DE"
687,"Heidelberg","lab",4,2,1,3,2,0,3,1,1,2,3,2,0,"DE"
688,"Heidelberg","lab",4,3,4,1,1,3,3,3,4,2,2,2,4,"DE"
689,"Heidelberg","lab",4,3,3,3,3,3,3,3,3,2,3,3,3,"DE"
690,"Heidelberg","lab",4,1,3,2,3,0,3,1,1,4,3,4,3,"DE"
691,"Heidelberg","lab",4,1,1,2,3,1,3,1,2,0,1,1,3,"DE"
692,"Heidelberg","lab",4,3,2,4,4,4,4,4,4,1,0,1,3,"DE"
693,"Heidelberg","lab",4,3,3,3,3,3,4,3,3,0,0,0,3,"DE"
694,"Heidelberg","lab",4,3,4,3,3,3,3,3,3,1,3,3,1,"DE"
695,"Heidelberg","lab",4,3,1,3,3,2,3,1,1,1,0,1,2,"DE"
696,"Heidelberg","lab",4,3,1,3,3,1,3,3,1,3,1,3,4,"DE"
697,"Heidelberg","lab",4,3,3,3,3,2,3,3,3,4,4,4,2,"DE"
698,"Heidelberg","lab",4,3,3,3,3,3,3,3,3,1,1,1,3,"DE"
699,"Heidelberg","lab",4,3,3,3,3,3,4,2,3,0,1,0,4,"DE"
700,"Heidelberg","lab",4,1,3,1,2,4,3,3,4,1,1,2,3,"DE"
701,"Heidelberg","lab",4,1,3,1,0,4,3,3,4,0,0,3,3,"DE"
702,"Heidelberg","lab",4,2,3,3,3,1,3,3,3,1,3,1,3,"DE"
703,"Heidelberg","lab",4,3,3,1,3,3,4,4,4,0,0,1,0,"DE"
704,"Heidelberg","lab",4,3,3,1,3,2,3,4,3,2,1,3,3,"DE"
705,"Heidelberg","lab",4,1,0,2,1,4,4,4,4,3,1,2,1,"DE"
706,"Heidelberg","lab",4,3,3,3,3,3,3,3,3,2,1,1,1,"DE"
707,"Heidelberg","lab",4,4,2,3,3,1,2,1,1,2,2,2,2,"DE"
708,"Heidelberg","lab",4,2,0,3,1,3,3,1,2,3,2,3,4,"DE"
709,"Heidelberg","lab",4,3,3,1,2,3,4,3,3,1,2,1,4,"DE"
710,"Heidelberg","lab",4,1,0,0,1,4,4,4,4,0,0,1,4,"DE"
711,"Heidelberg","lab",4,3,1,3,3,4,4,4,4,3,3,3,4,"DE"
712,"Heidelberg","lab",4,3,3,1,2,3,3,3,3,2,0,3,4,"DE"
713,"Heidelberg","lab",4,3,3,3,3,3,3,3,3,2,2,3,3,"DE"
714,"Heidelberg","lab",4,3,3,1,3,3,3,3,3,3,4,4,3,"DE"
715,"Heidelberg","lab",4,2,3,3,3,3,4,3,4,4,3,4,3,"DE"
716,"Heidelberg","lab",4,3,3,3,3,3,3,3,3,3,3,3,3,"DE"
717,"Heidelberg","lab",4,3,1,3,4,3,3,3,4,4,4,3,4,"DE"
718,"Heidelberg","lab",4,3,3,3,3,3,3,3,4,1,3,3,3,"DE"
719,"Heidelberg","lab",4,3,1,1,3,3,4,3,3,2,2,3,4,"DE"
720,"Heidelberg","lab",4,1,1,0,1,4,4,4,3,0,0,1,2,"DE"
721,"Heidelberg","lab",4,3,4,1,3,3,4,1,4,2,3,3,4,"DE"
722,"Heidelberg","lab",4,2,3,1,3,3,3,3,3,3,2,1,3,"DE"
723,"Heidelberg","lab",4,3,3,3,3,3,4,3,3,3,3,4,1,"DE"
724,"Heidelberg","lab",4,1,1,2,2,1,3,0,2,2,3,4,3,"DE"
725,"Heidelberg","lab",4,0,1,1,1,4,3,3,1,1,1,0,4,"DE"
726,"Heidelberg","lab",4,4,2,3,3,1,0,1,1,3,4,3,1,"DE"
727,"Heidelberg","lab",4,1,2,1,2,2,0,4,3,2,2,2,2,"DE"
728,"Heidelberg","lab",4,3,3,3,2,3,4,4,3,3,3,3,1,"DE"
729,"Heidelberg","lab",4,1,2,2,2,3,3,3,3,1,0,1,2,"DE"
730,"Heidelberg","lab",4,3,2,3,3,2,3,3,3,3,3,3,3,"DE"
731,"Heidelberg","lab",4,3,1,2,3,2,4,3,1,2,1,1,4,"DE"
732,"Heidelberg","lab",4,3,3,2,2,3,3,2,1,1,1,3,2,"DE"
733,"Heidelberg","lab",4,3,4,3,3,3,3,1,3,0,1,0,3,"DE"
734,"Heidelberg","lab",4,4,4,4,3,2,1,1,1,4,4,4,3,"DE"
735,"Heidelberg","lab",4,3,3,3,1,0,4,0,4,1,3,3,4,"DE"
736,"Heidelberg","lab",4,2,3,1,1,3,1,3,3,2,2,4,3,"DE"
737,"Heidelberg","lab",4,3,3,3,3,1,1,1,1,3,3,3,4,"DE"
738,"Heidelberg","lab",4,3,0,3,3,2,3,3,3,1,3,3,1,"DE"
739,"Heidelberg","lab",4,1,2,2,2,3,3,4,3,2,2,2,2,"DE"
740,"Heidelberg","lab",4,3,4,3,1,1,4,1,1,1,3,4,4,"DE"
741,"Heidelberg","lab",4,2,0,1,1,4,4,4,4,0,0,0,3,"DE"
742,"Heidelberg","lab",4,3,4,4,4,2,3,1,1,1,1,1,4,"DE"
743,"Heidelberg","lab",4,2,1,1,2,3,3,3,3,2,2,3,3,"DE"
744,"Heidelberg","lab",4,3,1,0,1,3,4,3,3,3,1,4,4,"DE"
745,"Heidelberg","lab",4,1,3,1,1,3,3,3,1,0,2,3,3,"DE"
746,"Heidelberg","lab",4,1,3,1,1,3,3,4,4,1,2,3,3,"DE"
747,"Heidelberg","lab",4,4,4,4,4,3,2,3,3,4,3,4,4,"DE"
748,"Heidelberg","lab",4,4,3,4,4,2,3,3,2,4,3,4,4,"DE"
749,"Heidelberg","lab",4,3,4,3,3,3,2,3,3,4,4,4,4,"DE"
750,"Heidelberg","lab",4,3,0,1,1,1,4,3,3,4,0,2,3,"DE"
751,"Heidelberg","lab",4,3,3,1,2,4,4,4,4,0,0,0,0,"DE"
752,"Heidelberg","lab",4,3,3,3,3,2,1,3,3,0,0,0,3,"DE"
753,"Heidelberg","lab",4,3,3,1,3,3,3,3,4,2,1,0,3,"DE"
754,"Heidelberg","lab",4,3,1,2,3,2,2,2,2,3,3,3,3,"DE"
755,"Heidelberg","lab",4,1,0,1,1,4,3,4,4,1,1,3,3,"DE"
756,"Heidelberg","lab",4,2,1,1,1,4,3,4,3,1,1,3,1,"DE"
757,"Zuerich","lab",2,0,0,4,4,4,1,1,0,3,3,4,4,"DE"
758,"Zuerich","lab",2,3,3,1,1,3,2,0,3,3,3,2,1,"DE"
759,"Zuerich","lab",2,3,1,2,2,3,1,3,3,1,1,1,1,"DE"
760,"Zuerich","lab",2,1,1,1,1,4,3,3,3,1,1,1,2,"DE"
761,"Zuerich","lab",2,0,3,3,3,2,2,2,2,2,1,2,1,"DE"
762,"Zuerich","lab",2,1,0,2,1,4,4,4,4,0,0,0,4,"DE"
763,"Zuerich","lab",2,4,4,3,3,2,2,2,3,2,1,1,3,"DE"
764,"Zuerich","lab",2,3,3,2,2,3,3,1,3,2,3,3,3,"DE"
765,"Zuerich","lab",2,4,2,4,4,1,2,1,0,3,2,2,1,"DE"
766,"Zuerich","lab",2,3,1,2,2,4,4,3,3,3,0,3,2,"DE"
767,"Zuerich","lab",2,4,4,4,4,1,0,3,0,3,3,3,3,"DE"
768,"Zuerich","lab",2,3,4,3,4,4,4,4,4,0,0,3,3,"DE"
769,"Zuerich","lab",2,3,3,3,3,0,2,1,0,1,0,0,0,"DE"
770,"Zuerich","lab",2,3,3,1,1,3,4,3,3,2,0,0,2,"DE"
771,"Zuerich","lab",2,3,2,2,3,3,3,3,2,2,3,3,3,"DE"
772,"Zuerich","lab",2,3,0,2,3,1,3,1,1,2,0,3,0,"DE"
773,"Zuerich","lab",2,1,0,1,1,2,3,2,2,0,0,3,3,"DE"
774,"Zuerich","lab",2,3,2,2,2,2,2,2,3,2,1,2,3,"DE"
775,"Zuerich","lab",2,1,1,1,1,4,4,4,4,0,0,3,2,"DE"
776,"Zuerich","lab",2,3,1,1,4,2,2,2,2,3,4,4,4,"DE"
777,"Zuerich","lab",2,3,3,1,2,3,3,2,1,1,1,3,3,"DE"
778,"Zuerich","lab",2,1,3,1,1,4,4,3,3,0,1,1,0,"DE"
779,"Zuerich","lab",2,2,2,2,1,3,4,3,3,3,1,4,3,"DE"
780,"Zuerich","lab",2,3,1,1,1,2,2,2,2,3,3,3,2,"DE"
781,"Zuerich","lab",2,4,4,4,4,3,1,1,3,4,4,4,4,"DE"
782,"Zuerich","lab",2,3,3,2,3,3,3,3,3,4,3,4,4,"DE"
783,"Zuerich","lab",2,4,4,3,3,3,3,3,2,1,0,0,2,"DE"
784,"Zuerich","lab",2,1,3,1,1,1,4,4,3,1,2,3,3,"DE"
785,"Zuerich","lab",2,3,4,2,2,4,3,3,3,3,4,4,0,"DE"
786,"Zuerich","lab",2,3,4,3,3,2,3,3,3,2,2,4,4,"DE"
787,"Zuerich","lab",2,3,4,3,3,3,3,3,3,4,4,4,4,"DE"
788,"Zuerich","lab",2,2,1,1,1,3,2,3,3,0,0,3,1,"DE"
789,"Zuerich","lab",2,3,1,3,3,1,3,1,1,1,1,1,2,"DE"
790,"Zuerich","lab",2,3,2,1,3,4,4,4,4,1,1,3,3,"DE"
791,"Zuerich","lab",2,3,2,3,3,1,1,1,1,1,1,3,3,"DE"
792,"Zuerich","lab",2,3,3,1,1,3,3,3,1,3,2,1,1,"DE"
793,"Zuerich","lab",2,3,4,2,2,2,4,2,1,0,1,3,4,"DE"
794,"Zuerich","lab",2,3,0,3,3,3,3,2,1,3,3,3,4,"DE"
795,"Zuerich","lab",2,3,2,2,3,2,4,3,4,2,2,3,3,"DE"
796,"Zuerich","lab",2,3,2,2,2,3,3,3,2,2,2,2,3,"DE"
797,"Zuerich","lab",2,1,1,1,1,3,3,3,3,2,0,3,1,"DE"
798,"Zuerich","lab",2,2,1,2,2,3,3,3,1,1,3,4,4,"DE"
799,"Zuerich","lab",2,4,4,3,4,4,4,2,4,3,4,4,4,"DE"
800,"Zuerich","lab",2,1,3,2,4,3,4,4,3,0,2,4,3,"DE"
801,"Zuerich","lab",2,3,3,3,3,3,3,1,1,1,1,3,3,"DE"
802,"Zuerich","lab",2,2,1,1,1,4,3,4,3,0,0,1,4,"DE"
803,"Zuerich","lab",2,3,4,3,3,2,2,1,1,0,1,3,0,"DE"
804,"Zuerich","lab",2,0,0,0,0,4,4,4,4,0,0,0,0,"DE"
805,"Zuerich","lab",2,3,1,2,3,1,1,1,1,2,0,3,4,"DE"
806,"Zuerich","lab",2,1,1,0,1,3,3,3,1,2,1,3,3,"DE"
807,"Zuerich","lab",2,4,3,3,3,2,2,2,2,3,2,2,2,"DE"
808,"Zuerich","lab",2,1,3,2,1,3,3,3,2,2,3,3,4,"DE"
809,"Zuerich","lab",2,3,2,3,1,4,3,3,3,3,4,4,1,"DE"
810,"Zuerich","lab",2,0,3,3,3,0,1,0,1,1,3,4,2,"DE"
811,"Zuerich","lab",2,2,1,2,1,4,3,4,4,1,1,2,2,"DE"
812,"Zuerich","lab",2,1,1,0,0,4,3,4,3,2,0,3,2,"DE"
813,"Zuerich","lab",2,3,0,1,2,4,4,4,4,3,3,4,4,"DE"
814,"Zuerich","lab",2,2,3,3,3,3,3,2,3,4,1,2,2,"DE"
815,"Zuerich","lab",2,1,3,3,3,3,4,3,4,4,4,4,1,"DE"
816,"Zuerich","lab",2,1,1,2,1,1,4,3,3,2,2,2,2,"DE"
817,"Zuerich","lab",2,3,3,3,2,3,3,2,3,4,3,4,2,"DE"
818,"Zuerich","lab",2,1,0,4,3,4,4,4,4,3,4,4,1,"DE"
819,"Zuerich","lab",2,2,2,3,1,3,3,3,3,1,2,3,1,"DE"
820,"Zuerich","lab",2,1,1,1,3,1,2,1,2,3,2,1,3,"DE"
821,"Zuerich","lab",2,3,3,3,3,2,3,2,3,2,1,1,2,"DE"
822,"Zuerich","lab",2,1,0,1,1,3,3,2,2,3,3,3,3,"DE"
823,"Zuerich","lab",2,1,4,3,4,0,3,1,1,3,3,3,4,"DE"
1,"Greensboro","online",1,4,4,3,3,2,2,1,2,2,3,3,3,"EN"
2,"Greensboro","online",1,4,4,4,4,3,4,3,4,4,4,4,4,"EN"
3,"Greensboro","online",1,2,3,1,2,3,3,3,3,1,1,1,1,"EN"
4,"Greensboro","online",1,3,4,3,3,2,2,2,2,3,3,2,3,"EN"
5,"Greensboro","online",1,3,3,2,1,3,2,2,3,1,1,1,3,"EN"
6,"Greensboro","online",1,4,4,3,4,1,4,1,3,4,3,4,1,"EN"
7,"Greensboro","online",1,3,3,4,2,1,3,1,2,4,4,3,3,"EN"
8,"Greensboro","online",1,3,3,2,3,2,2,2,2,3,3,3,3,"EN"
9,"Greensboro","online",1,3,4,3,3,1,1,2,3,4,3,4,4,"EN"
10,"Greensboro","online",1,3,2,1,1,4,3,3,3,4,2,3,2,"EN"
11,"Greensboro","online",1,4,4,2,3,3,1,3,1,3,3,3,3,"EN"
12,"Greensboro","online",1,2,3,3,3,3,2,3,3,1,1,0,1,"EN"
13,"Greensboro","online",1,1,3,2,3,3,3,1,3,4,4,4,4,"EN"
14,"Greensboro","online",1,3,3,1,3,3,3,3,3,3,3,2,3,"EN"
15,"Greensboro","online",1,4,3,2,2,1,1,1,2,3,4,3,3,"EN"
16,"Greensboro","online",1,4,4,2,3,3,2,3,3,4,3,3,3,"EN"
17,"Greensboro","online",1,3,4,2,1,1,2,1,2,4,4,4,4,"EN"
18,"Greensboro","online",1,3,3,3,3,1,1,3,0,3,3,3,2,"EN"
19,"Greensboro","online",1,3,3,2,3,2,3,3,3,2,1,3,3,"EN"
20,"Greensboro","online",1,3,4,2,3,3,3,1,4,3,1,3,3,"EN"
21,"Greensboro","online",1,2,1,2,1,3,2,2,1,1,2,2,2,"EN"
22,"Greensboro","online",1,3,3,1,3,3,1,3,1,3,3,3,3,"EN"
23,"Greensboro","online",1,4,2,3,3,3,3,2,2,4,3,3,2,"EN"
24,"Greensboro","online",1,4,3,2,2,3,4,3,4,0,0,2,4,"EN"
25,"Greensboro","online",1,3,3,3,3,1,2,1,3,3,1,1,3,"EN"
26,"Greensboro","online",1,4,4,0,4,3,3,3,1,3,3,3,3,"EN"
27,"Greensboro","online",1,3,3,2,3,3,3,3,1,3,3,3,3,"EN"
28,"Greensboro","online",1,3,3,3,3,3,3,3,1,3,4,4,3,"EN"
29,"Greensboro","online",1,3,3,1,1,4,4,4,4,2,0,1,4,"EN"
30,"Greensboro","online",1,3,4,4,3,3,3,1,3,3,3,3,4,"EN"
31,"Greensboro","online",1,4,4,2,3,1,1,1,2,3,4,1,2,"EN"
32,"Greensboro","online",1,4,4,3,4,2,2,2,3,1,1,1,2,"EN"
33,"Greensboro","online",1,4,4,4,4,1,2,2,1,3,3,4,2,"EN"
34,"Greensboro","online",1,4,2,0,0,4,0,4,3,1,0,0,2,"EN"
35,"Greensboro","online",1,4,4,4,4,0,0,0,0,3,4,4,4,"EN"
36,"Greensboro","online",1,4,3,0,3,4,4,3,3,2,0,2,2,"EN"
37,"Greensboro","online",1,4,4,3,4,2,3,1,3,1,1,3,3,"EN"
38,"Greensboro","online",1,3,1,2,1,4,3,4,4,3,3,3,2,"EN"
39,"Greensboro","online",1,4,4,4,4,0,4,0,4,1,4,4,4,"EN"
40,"Greensboro","online",1,3,3,2,2,2,2,2,3,3,3,3,3,"EN"
41,"Greensboro","online",1,4,3,3,2,2,3,3,2,3,3,3,1,"EN"
42,"Greensboro","online",1,3,3,2,1,3,3,4,3,3,2,2,2,"EN"
43,"Greensboro","online",1,4,4,4,4,2,3,2,2,4,3,4,3,"EN"
44,"Greensboro","online",1,3,2,1,1,4,3,4,3,0,1,0,3,"EN"
45,"Greensboro","online",1,3,3,2,3,2,3,3,4,3,3,3,3,"EN"
46,"Greensboro","online",1,4,4,1,1,2,3,3,3,0,0,1,4,"EN"
47,"Greensboro","online",1,1,0,0,0,2,1,3,2,1,1,2,1,"EN"
48,"Greensboro","online",1,3,3,2,2,2,3,2,2,3,3,3,2,"EN"
49,"Greensboro","online",1,3,4,3,3,3,3,3,2,4,3,4,3,"EN"
50,"Greensboro","online",1,3,3,2,3,3,3,3,3,3,3,3,3,"EN"
51,"Greensboro","online",1,3,3,3,3,3,2,3,1,0,1,1,3,"EN"
52,"Greensboro","online",1,4,4,3,4,3,3,4,3,1,3,4,4,"EN"
53,"Greensboro","online",1,3,4,1,0,3,3,3,0,1,1,3,4,"EN"
54,"Greensboro","online",1,3,1,1,3,3,3,3,2,3,3,3,4,"EN"
55,"Greensboro","online",1,3,4,1,1,4,4,4,3,3,3,3,3,"EN"
56,"Greensboro","online",1,4,4,2,3,2,1,2,1,4,3,3,3,"EN"
57,"Greensboro","online",1,4,3,2,2,2,1,2,1,2,1,3,3,"EN"
58,"Greensboro","online",1,3,3,2,4,1,1,1,0,3,2,3,3,"EN"
59,"Greensboro","online",1,4,4,4,4,2,1,1,1,3,4,4,4,"EN"
60,"Greensboro","online",1,2,3,3,3,1,2,2,1,2,1,1,2,"EN"
61,"Greensboro","online",1,4,4,2,3,3,2,3,2,2,3,3,1,"EN"
62,"Greensboro","online",1,3,4,3,3,1,2,2,1,1,1,3,1,"EN"
63,"Greensboro","online",1,3,1,2,1,2,3,2,2,0,0,0,0,"EN"
64,"Greensboro","online",1,3,3,2,2,1,2,2,1,1,0,2,2,"EN"
65,"Greensboro","online",1,3,3,0,3,1,2,1,3,3,4,4,2,"EN"
66,"Greensboro","online",1,3,1,3,3,3,3,3,3,0,0,0,1,"EN"
67,"Greensboro","online",1,4,2,2,3,3,3,3,4,3,1,0,0,"EN"
68,"Greensboro","online",1,3,2,2,3,4,3,4,4,3,3,3,2,"EN"
69,"Greensboro","online",1,0,4,2,4,1,1,4,4,4,4,4,1,"EN"
70,"Greensboro","online",1,3,3,3,2,3,3,3,3,3,3,3,3,"EN"
71,"Greensboro","online",1,0,4,3,1,1,1,1,1,4,4,4,2,"EN"
72,"Greensboro","online",1,3,4,3,3,1,1,1,1,4,4,4,4,"EN"
73,"Greensboro","online",1,3,2,2,3,2,1,2,2,3,2,2,1,"EN"
74,"Greensboro","online",1,3,3,1,0,4,3,3,2,3,1,3,1,"EN"
75,"Greensboro","online",1,0,2,0,2,4,4,2,2,2,3,2,2,"EN"
76,"Greensboro","online",1,3,3,1,2,3,3,2,3,3,2,2,2,"EN"
77,"Greensboro","online",1,3,3,2,3,3,2,2,3,3,3,3,3,"EN"
78,"Greensboro","online",1,4,3,2,3,3,3,3,3,4,4,3,4,"EN"
79,"Greensboro","online",1,3,4,0,3,4,4,4,2,4,4,4,4,"EN"
80,"Greensboro","online",1,4,3,1,3,3,3,2,4,3,1,4,1,"EN"
81,"Greensboro","online",1,3,4,1,1,4,3,3,3,0,0,1,2,"EN"
82,"Greensboro","online",1,0,3,2,0,4,4,4,3,1,2,2,1,"EN"
83,"Greensboro","online",1,0,1,0,0,4,0,4,3,2,0,1,1,"EN"
84,"Greensboro","online",1,4,4,3,4,2,1,3,0,3,3,3,1,"EN"
85,"Greensboro","online",1,4,1,3,2,2,2,2,2,3,3,2,2,"EN"
86,"Greensboro","online",1,4,4,4,3,3,3,3,3,4,4,4,4,"EN"
87,"Greensboro","online",1,1,1,0,1,1,2,1,1,1,2,3,2,"EN"
88,"Greensboro","online",1,3,4,2,3,3,2,3,2,0,2,2,3,"EN"
89,"Greensboro","online",1,4,4,4,4,0,2,1,1,4,2,4,1,"EN"
90,"Greensboro","online",1,3,3,0,3,3,4,3,3,3,3,4,4,"EN"
91,"Greensboro","online",1,4,4,2,4,0,1,2,3,2,0,1,2,"EN"
92,"Greensboro","online",1,1,3,0,1,3,1,3,3,0,1,1,3,"EN"
93,"Greensboro","online",1,2,3,0,1,4,4,4,3,2,1,2,0,"EN"
94,"Greensboro","online",1,4,4,4,4,1,3,2,3,4,4,4,4,"EN"
95,"Greensboro","online",1,3,3,2,2,3,3,3,2,2,1,1,2,"EN"
96,"Greensboro","online",1,3,4,4,2,3,3,2,3,3,3,3,2,"EN"
97,"Greensboro","online",1,2,3,2,3,4,3,3,3,3,4,4,3,"EN"
98,"Greensboro","online",1,2,3,2,3,3,3,3,4,3,1,3,2,"EN"
99,"Greensboro","online",1,2,2,2,2,3,3,2,1,2,2,3,2,"EN"
100,"Greensboro","online",1,3,3,3,3,1,3,1,2,2,2,2,3,"EN"
101,"Greensboro","online",1,3,1,3,3,1,1,1,1,2,3,3,3,"EN"
102,"Greensboro","online",1,4,2,1,1,3,0,2,2,0,0,2,2,"EN"
103,"Greensboro","online",1,0,2,1,1,3,4,3,3,0,0,0,0,"EN"
104,"Greensboro","online",1,4,4,3,4,1,2,1,1,1,1,3,3,"EN"
105,"Greensboro","online",1,4,1,2,3,2,2,2,2,3,3,3,1,"EN"
106,"Greensboro","online",1,4,4,2,4,4,3,4,4,4,4,4,4,"EN"
107,"Greensboro","online",1,4,4,3,2,4,3,4,3,4,3,3,4,"EN"
108,"Greensboro","online",1,4,4,2,3,3,3,3,4,0,3,4,3,"EN"
109,"Greensboro","online",1,4,4,3,3,2,1,1,2,2,2,3,3,"EN"
110,"Greensboro","online",1,3,3,3,2,2,1,1,0,0,0,0,1,"EN"
111,"Greensboro","online",1,3,3,1,0,4,3,4,4,2,3,3,0,"EN"
112,"Greensboro","online",1,4,3,3,3,3,2,3,3,3,2,4,3,"EN"
113,"Greensboro","online",1,4,3,3,2,1,2,0,3,1,1,2,2,"EN"
114,"Greensboro","online",1,4,4,4,4,1,1,0,1,2,2,2,3,"EN"
115,"Greensboro","online",1,3,3,3,3,2,2,2,2,3,3,2,2,"EN"
116,"Greensboro","online",1,3,3,3,3,2,4,4,3,3,3,3,2,"EN"
117,"Greensboro","online",1,0,2,0,0,4,1,4,4,0,0,0,0,"EN"
118,"Greensboro","online",1,3,2,2,3,4,4,3,4,0,2,0,2,"EN"
119,"Greensboro","online",1,3,3,1,1,4,1,4,3,2,0,0,3,"EN"
120,"Greensboro","online",1,3,0,4,1,1,0,0,0,1,1,1,2,"EN"
121,"Greensboro","online",1,4,3,3,3,2,3,2,2,2,1,3,2,"EN"
122,"Greensboro","online",1,3,3,1,3,3,2,3,3,1,2,2,2,"EN"
123,"Greensboro","online",1,4,4,3,3,2,2,2,2,3,3,3,3,"EN"
124,"Greensboro","online",1,3,4,1,4,3,3,3,3,4,4,4,1,"EN"
125,"Greensboro","online",1,3,3,3,1,2,2,3,1,3,2,3,3,"EN"
126,"Greensboro","online",1,4,3,2,1,3,3,1,3,3,2,2,0,"EN"
127,"Greensboro","online",1,4,3,3,4,2,1,1,2,3,3,4,2,"EN"
128,"Greensboro","online",1,3,3,1,3,4,3,3,3,1,3,2,2,"EN"
129,"Greensboro","online",2,4,4,4,1,1,3,1,1,0,0,0,2,"EN"
130,"Greensboro","online",2,4,4,3,2,2,3,2,2,1,1,1,2,"EN"
131,"Greensboro","online",2,2,3,4,4,2,3,3,1,4,4,4,4,"EN"
132,"Greensboro","online",2,3,3,0,1,4,4,4,2,0,0,0,0,"EN"
133,"Greensboro","online",2,4,3,3,3,3,4,2,1,0,1,3,4,"EN"
134,"Greensboro","online",2,2,3,1,2,1,2,1,2,1,0,2,2,"EN"
135,"Greensboro","online",2,3,3,2,3,3,3,3,2,1,0,0,2,"EN"
136,"Greensboro","online",2,3,3,1,0,4,4,4,4,0,0,2,0,"EN"
137,"Greensboro","online",2,3,3,1,2,3,3,3,3,2,1,3,3,"EN"
138,"Greensboro","online",2,4,4,4,4,0,1,0,0,3,1,4,4,"EN"
139,"Greensboro","online",2,4,3,2,3,2,2,2,2,1,1,2,4,"EN"
140,"Greensboro","online",2,2,2,2,2,2,4,2,2,2,2,2,3,"EN"
141,"Greensboro","online",2,1,4,1,2,4,4,3,4,3,0,3,4,"EN"
142,"Greensboro","online",2,4,3,3,4,1,2,1,1,4,2,4,4,"EN"
143,"Greensboro","online",2,4,0,2,3,4,0,4,4,4,4,4,4,"EN"
144,"Greensboro","online",2,4,1,0,3,3,4,4,3,0,2,3,3,"EN"
145,"Greensboro","online",2,3,3,1,1,4,4,4,4,3,3,1,2,"EN"
146,"Greensboro","online",2,4,3,2,0,4,1,1,4,4,3,4,4,"EN"
147,"Greensboro","online",2,3,3,3,1,1,1,1,1,3,3,3,3,"EN"
148,"Greensboro","online",2,4,4,0,4,4,2,2,2,0,0,4,0,"EN"
149,"Greensboro","online",2,3,2,1,0,4,3,4,0,0,0,1,0,"EN"
150,"Greensboro","online",2,4,4,3,4,2,2,2,2,0,0,0,2,"EN"
151,"Greensboro","online",2,4,4,4,4,0,0,0,0,3,3,1,3,"EN"
152,"Greensboro","online",2,3,3,0,4,3,3,3,3,2,0,0,4,"EN"
153,"Greensboro","online",2,3,4,1,4,2,3,3,3,4,4,3,3,"EN"
154,"Greensboro","online",2,3,4,1,3,3,3,1,3,4,4,4,3,"EN"
155,"Greensboro","online",2,3,4,3,4,1,3,2,2,3,3,3,1,"EN"
156,"Greensboro","online",2,4,4,4,4,4,4,4,4,0,0,0,4,"EN"
157,"Greensboro","online",2,4,4,4,4,1,2,1,1,3,3,3,3,"EN"
158,"Greensboro","online",2,3,3,2,1,1,4,2,4,3,2,4,3,"EN"
159,"Greensboro","online",2,3,4,0,3,4,4,4,3,0,1,0,2,"EN"
160,"Greensboro","online",2,1,1,1,3,1,3,1,1,1,1,1,1,"EN"
161,"Greensboro","online",2,4,4,0,3,2,3,1,2,3,3,3,4,"EN"
162,"Greensboro","online",2,4,3,3,4,3,3,3,3,0,0,3,2,"EN"
163,"Greensboro","online",2,3,3,1,3,3,3,3,3,0,0,1,3,"EN"
164,"Greensboro","online",2,4,3,1,0,4,3,3,3,1,0,0,2,"EN"
165,"Greensboro","online",2,1,0,0,2,2,2,2,2,1,3,3,3,"EN"
166,"Greensboro","online",2,1,4,0,3,4,3,3,3,4,4,3,3,"EN"
167,"Greensboro","online",2,4,3,4,3,0,1,0,0,4,4,4,4,"EN"
168,"Greensboro","online",2,3,3,1,1,3,3,3,3,1,1,2,2,"EN"
169,"Greensboro","online",2,1,0,2,3,2,3,3,2,3,1,2,3,"EN"
170,"Greensboro","online",2,4,4,2,4,1,1,1,0,3,2,4,3,"EN"
171,"Greensboro","online",2,4,3,4,4,1,1,1,1,2,3,1,0,"EN"
172,"Greensboro","online",2,3,1,1,1,4,4,4,4,3,2,3,3,"EN"
173,"Greensboro","online",2,4,2,1,3,2,2,3,2,3,2,1,0,"EN"
174,"Greensboro","online",2,3,3,2,1,2,2,2,2,1,0,3,3,"EN"
175,"Greensboro","online",2,3,3,1,3,4,4,4,3,2,4,3,2,"EN"
176,"Greensboro","online",2,2,1,1,1,3,3,3,3,2,1,2,2,"EN"
177,"Greensboro","online",2,4,3,2,3,2,3,3,2,3,3,3,3,"EN"
178,"Greensboro","online",2,2,3,1,4,2,3,1,1,4,4,4,3,"EN"
179,"Greensboro","online",2,3,3,3,3,2,3,3,3,3,3,3,3,"EN"
180,"Greensboro","online",2,3,3,2,3,3,1,3,3,1,1,1,1,"EN"
181,"Greensboro","online",2,3,4,2,3,4,2,2,2,2,1,2,2,"EN"
182,"Greensboro","online",2,3,2,3,3,1,3,1,3,2,2,3,3,"EN"
183,"Greensboro","online",2,1,2,1,1,3,4,4,4,4,4,4,4,"EN"
184,"Greensboro","online",2,3,4,1,3,3,4,4,4,1,1,1,3,"EN"
185,"Greensboro","online",2,1,3,3,3,3,3,3,3,1,2,1,3,"EN"
186,"Greensboro","online",2,3,1,1,3,4,4,4,4,1,1,1,3,"EN"
187,"Greensboro","online",2,4,3,2,3,0,2,1,0,4,0,2,3,"EN"
188,"Greensboro","online",2,2,2,2,1,3,2,3,1,3,3,3,2,"EN"
189,"Greensboro","online",2,2,3,3,3,4,0,4,4,0,0,0,0,"EN"
190,"Greensboro","online",2,3,2,3,3,2,2,3,2,0,0,0,2,"EN"
191,"Greensboro","online",2,4,4,2,3,3,3,3,2,1,2,4,3,"EN"
192,"Greensboro","online",2,4,4,2,3,2,1,2,2,0,0,1,1,"EN"
193,"Greensboro","online",2,3,0,3,3,4,2,3,3,3,4,4,3,"EN"
194,"Greensboro","online",2,3,2,1,2,2,2,2,1,1,0,3,0,"EN"
195,"Greensboro","online",2,2,2,3,3,1,3,1,2,2,2,2,3,"EN"
196,"Greensboro","online",2,4,4,0,4,0,0,0,0,0,0,4,4,"EN"
197,"Greensboro","online",2,0,0,0,0,4,1,4,4,0,0,0,0,"EN"
198,"Greensboro","online",2,3,2,1,1,3,2,1,1,3,2,3,3,"EN"
199,"Greensboro","online",2,4,4,3,3,4,1,1,4,2,3,3,4,"EN"
200,"Greensboro","online",2,3,3,2,1,3,3,4,4,2,1,2,2,"EN"
201,"Greensboro","online",2,3,2,3,3,1,4,3,4,4,3,2,4,"EN"
202,"Greensboro","online",2,4,4,2,4,3,1,3,1,0,0,3,4,"EN"
203,"Greensboro","online",2,3,3,3,3,0,1,0,1,1,1,1,0,"EN"
204,"Greensboro","online",2,3,2,0,4,4,4,4,4,4,4,4,4,"EN"
205,"Greensboro","online",2,0,0,0,0,4,0,4,0,0,0,0,0,"EN"
206,"Greensboro","online",2,3,3,3,3,2,3,3,3,3,3,3,4,"EN"
207,"Greensboro","online",2,3,3,3,2,1,3,2,1,0,0,0,4,"EN"
208,"Greensboro","online",2,3,3,2,1,3,2,1,3,3,2,2,3,"EN"
209,"Greensboro","online",2,3,4,3,2,4,3,3,3,0,0,0,0,"EN"
210,"Greensboro","online",2,2,3,1,2,3,3,3,3,2,1,2,2,"EN"
211,"Greensboro","online",2,3,3,1,3,3,3,3,1,1,1,1,3,"EN"
212,"Greensboro","online",2,0,0,0,0,4,0,4,0,0,0,0,0,"EN"
213,"Greensboro","online",2,3,3,4,3,3,3,3,3,4,3,4,4,"EN"
214,"Greensboro","online",2,0,3,2,1,2,2,2,2,3,3,3,3,"EN"
215,"Greensboro","online",2,1,1,2,1,2,2,2,1,3,1,3,2,"EN"
