"subject","location","type","id","BMW3_UN_01","BMW3_UN_02","BMW3_UN_03","BMW3_UN_04","BMW3_ME_01","BMW3_ME_02","BMW3_ME_03","BMW3_ME_04","BMW3_IN_01","BMW3_IN_02","BMW3_IN_03","BMW3_IN_04"
1,"Mainz","online",1,4,4,4,4,1,1,1,1,1,1,1,1
2,"Mainz","online",1,1,3,1,2,4,4,4,4,2,2,3,4
3,"Mainz","online",1,3,3,3,3,3,3,3,3,2,1,2,3
4,"Mainz","online",1,2,3,2,3,4,3,3,3,3,3,4,3
5,"Mainz","online",1,3,3,3,3,4,4,4,3,2,2,2,4
6,"Mainz","online",1,1,0,1,0,4,4,4,3,2,1,2,4
7,"Mainz","online",1,3,3,2,2,3,4,3,3,3,3,3,3
8,"Mainz","online",1,1,3,1,3,0,4,0,0,3,4,4,4
9,"Mainz","online",1,3,3,3,3,1,1,1,1,2,1,2,2
10,"Mainz","online",1,2,1,1,2,3,3,3,3,2,1,2,3
11,"Mainz","online",1,2,3,1,1,3,4,4,3,2,3,1,2
12,"Mainz","online",1,1,1,1,1,3,3,3,3,1,1,3,3
13,"Mainz","online",1,3,3,3,3,3,3,3,3,1,1,1,1
14,"Mainz","online",1,3,2,3,3,3,3,3,3,3,2,3,3
15,"Mainz","online",1,3,3,3,3,1,3,1,1,2,3,3,3
16,"Mainz","online",1,1,3,1,2,3,4,3,3,2,1,2,3
17,"Mainz","online",1,3,2,2,3,2,3,3,3,3,4,4,3
18,"Mainz","online",1,1,2,3,3,3,4,3,3,1,1,3,4
19,"Mainz","online",1,3,3,3,3,3,4,3,4,1,0,3,3
20,"Mainz","online",1,4,3,1,3,3,4,3,1,4,2,3,0
21,"Mainz","online",1,3,3,3,3,4,4,3,3,3,3,4,4
22,"Mainz","online",1,3,3,4,3,4,0,3,4,4,2,3,3
23,"Mainz","online",1,3,3,1,1,3,3,3,2,3,3,3,3
24,"Mainz","online",1,3,1,2,3,3,3,3,3,2,2,3,1
25,"Mainz","online",1,4,1,2,2,4,4,3,3,3,3,4,4
26,"Mainz","online",1,1,2,1,1,3,3,3,3,1,1,1,3
27,"Mainz","online",1,3,2,3,1,3,3,3,2,0,0,3,3
28,"Mainz","online",1,2,1,1,1,4,1,4,4,0,0,1,0
29,"Mainz","online",1,3,2,1,3,2,3,3,2,1,2,3,3
30,"Mainz","online",1,3,4,3,4,3,3,3,3,3,3,4,4
31,"Mainz","online",1,1,1,1,1,3,3,3,3,1,1,1,3
32,"Mainz","online",1,4,4,4,4,1,1,1,1,3,3,3,3
33,"Mainz","online",1,3,1,2,2,3,3,3,1,2,1,3,2
34,"Mainz","online",1,3,3,2,2,3,3,3,3,2,2,3,3
35,"Mainz","online",1,1,1,1,1,4,4,4,4,2,0,0,3
36,"Mainz","online",1,3,4,2,3,3,3,3,2,1,2,3,3
37,"Mainz","online",1,3,3,2,3,2,4,2,1,0,0,1,0
38,"Mainz","online",1,3,3,3,1,4,4,4,4,4,3,4,3
39,"Mainz","online",1,2,3,2,3,3,3,3,3,3,2,3,3
40,"Mainz","online",1,3,1,2,1,4,4,4,4,1,2,1,4
41,"Mainz","online",1,4,3,4,4,2,2,2,2,1,0,3,4
42,"Mainz","online",1,2,2,3,3,3,3,3,2,1,1,2,3
43,"Mainz","online",1,2,1,1,1,3,4,3,3,1,2,3,3
44,"Mainz","online",1,3,3,2,1,3,3,3,3,1,2,1,3
45,"Mainz","online",1,4,3,4,4,4,3,3,3,4,3,4,3
46,"Mainz","online",1,1,3,1,3,3,3,3,3,2,3,3,3
47,"Mainz","online",1,3,2,3,3,1,1,2,3,3,2,2,2
48,"Mainz","online",1,3,3,3,3,2,2,2,2,1,1,3,3
49,"Mainz","online",1,3,2,3,3,4,4,3,3,0,0,2,3
50,"Mainz","online",1,3,2,1,2,4,3,4,3,0,0,2,1
51,"Mainz","online",1,4,4,4,4,1,3,1,1,1,0,2,3
52,"Mainz","online",1,3,3,3,3,3,4,2,2,3,1,3,3
53,"Mainz","online",1,1,2,1,1,3,3,3,3,1,1,1,1
54,"Mainz","online",1,3,2,3,1,4,4,4,3,1,1,3,4
55,"Mainz","online",1,3,1,2,3,3,3,3,3,2,2,3,1
56,"Mainz","online",1,3,2,3,3,3,3,3,1,1,2,3,3
57,"Mainz","online",1,4,2,4,3,3,3,3,2,3,2,3,4
58,"Mainz","online",1,3,4,2,3,2,4,3,2,1,1,3,4
59,"Mainz","online",1,1,3,4,1,3,3,3,3,1,1,1,3
60,"Mainz","online",1,3,3,2,2,3,3,3,2,3,3,3,3
61,"Mainz","online",1,1,3,3,3,3,4,4,3,1,0,1,3
62,"Mainz","online",1,3,3,3,3,3,3,3,3,3,3,3,3
63,"Mainz","online",1,0,0,3,3,4,4,4,3,2,2,3,1
64,"Mainz","online",1,4,4,4,4,1,2,1,1,3,3,3,1
65,"Mainz","online",1,1,1,0,0,4,3,3,3,3,1,3,1
66,"Mainz","online",1,3,3,3,3,3,3,3,3,1,1,1,3
67,"Mainz","online",1,3,1,3,3,2,2,2,2,3,3,4,3
68,"Mainz","online",1,3,2,3,2,2,2,1,1,2,1,2,3
69,"Mainz","online",1,2,1,1,1,3,3,3,3,0,0,1,1
70,"Mainz","online",1,1,3,4,3,3,4,4,4,2,1,1,4
71,"Mainz","online",1,3,3,3,3,3,3,3,3,3,3,3,3
72,"Mainz","online",1,1,3,1,1,3,4,3,3,1,1,3,3
73,"Mainz","online",1,3,2,2,3,3,3,3,3,2,2,3,1
74,"Mainz","online",1,2,2,1,2,3,3,2,2,4,3,4,4
75,"Mainz","online",1,3,3,3,2,4,4,4,3,0,3,3,4
76,"Mainz","online",1,2,1,1,1,4,3,4,3,2,0,2,4
77,"Mainz","online",1,3,3,3,2,3,3,3,3,2,1,3,3
78,"Mainz","online",1,1,3,1,1,4,4,4,4,1,0,1,3
79,"Mainz","online",1,3,2,3,3,3,1,3,3,2,1,3,3
80,"Mainz","online",1,4,3,3,2,4,4,4,3,1,2,3,4
81,"Mainz","online",1,4,4,4,4,1,3,1,1,1,0,0,3
82,"Mainz","online",1,0,0,0,0,4,4,4,4,0,0,0,4
83,"Mainz","online",1,4,3,3,3,4,4,4,4,1,2,3,4
84,"Mainz","online",1,4,3,4,3,3,3,3,3,1,0,3,2
85,"Mainz","online",1,3,1,1,2,3,3,1,4,3,0,2,3
86,"Mainz","online",1,3,3,2,3,3,3,1,3,1,0,3,3
87,"Mainz","online",1,3,3,3,1,3,3,3,3,3,2,3,3
88,"Mainz","online",1,4,4,3,4,0,4,3,3,4,3,3,4
89,"Mainz","online",1,3,3,3,3,3,2,2,1,1,1,1,1
90,"Mainz","online",1,3,3,2,2,3,3,3,2,0,0,0,0
91,"Mainz","online",1,1,1,0,1,4,4,4,3,0,0,0,3
92,"Mainz","online",1,3,1,3,2,3,4,4,3,2,1,3,3
93,"Mainz","online",1,3,3,2,2,3,3,3,3,1,1,1,3
94,"Mainz","online",1,3,1,1,1,3,4,3,3,4,1,4,4
95,"Mainz","online",1,3,3,3,3,1,2,1,1,2,1,3,3
96,"Mainz","online",1,3,1,3,3,4,4,4,4,1,1,1,2
97,"Mainz","online",1,3,2,4,3,3,3,2,2,4,2,4,4
98,"Mainz","online",1,3,3,2,3,3,1,4,3,2,1,2,2
99,"Mainz","online",1,3,3,1,3,2,4,4,3,2,3,4,4
100,"Mainz","online",1,1,3,1,1,3,3,3,3,3,2,3,3
101,"Mainz","online",1,1,1,3,1,2,2,2,3,3,3,3,4
102,"Mainz","online",1,4,2,2,3,3,3,3,2,3,2,3,3
103,"Mainz","online",1,4,3,3,4,1,3,2,2,3,3,3,4
104,"Zuerich","lab",1,4,2,3,3,4,3,4,1,1,2,3,4
105,"Zuerich","lab",1,4,3,3,4,1,3,2,1,0,4,1,3
106,"Zuerich","lab",1,3,3,2,3,3,4,2,4,1,0,1,4
107,"Zuerich","lab",1,1,3,2,1,4,4,4,3,0,0,1,3
108,"Zuerich","lab",1,3,4,4,4,2,2,2,2,4,3,4,2
109,"Zuerich","lab",1,3,2,1,1,3,3,3,1,1,3,1,3
110,"Zuerich","lab",1,4,4,4,4,3,4,3,3,3,3,3,3
111,"Zuerich","lab",1,3,3,1,1,3,3,3,1,1,1,1,1
112,"Zuerich","lab",1,2,3,3,2,4,0,4,4,2,0,3,4
113,"Zuerich","lab",1,4,1,1,0,3,3,3,3,0,2,1,1
114,"Zuerich","lab",1,4,4,3,3,3,4,2,1,4,4,4,4
115,"Zuerich","lab",1,1,3,1,1,4,4,4,4,3,3,3,4
116,"Zuerich","lab",1,3,3,3,3,2,2,2,2,1,1,1,1
117,"Zuerich","lab",1,2,3,2,3,1,2,1,1,2,2,3,2
118,"Zuerich","lab",1,4,3,3,3,2,1,1,1,4,3,4,1
119,"Zuerich","lab",1,3,2,3,3,1,2,2,1,3,1,4,2
120,"Zuerich","lab",1,3,3,3,2,2,4,3,3,4,0,3,3
121,"Zuerich","lab",1,3,3,3,3,2,3,1,1,0,0,0,1
122,"Zuerich","lab",1,3,3,2,1,2,2,2,1,4,1,2,1
123,"Zuerich","lab",1,3,3,2,2,4,4,4,3,2,3,3,2
124,"Zuerich","lab",1,3,2,3,3,3,4,3,3,3,1,2,3
125,"Zuerich","lab",1,4,2,4,4,2,3,3,3,1,4,3,4
126,"Zuerich","lab",1,4,3,3,3,1,4,2,3,0,0,0,2
127,"Zuerich","lab",1,3,1,2,3,3,4,3,3,0,1,4,4
128,"Zuerich","lab",1,1,3,1,2,1,3,1,1,2,1,3,1
129,"Zuerich","lab",1,1,1,1,1,3,3,3,3,2,1,3,0
130,"Zuerich","lab",1,3,3,1,1,2,2,1,1,2,2,2,3
131,"Zuerich","lab",1,1,3,1,1,3,3,3,2,1,3,2,3
132,"Zuerich","lab",1,2,4,4,4,2,4,2,2,3,3,2,2
133,"Zuerich","lab",1,3,4,4,4,0,4,1,1,1,3,3,4
134,"Zuerich","lab",1,3,4,3,3,1,3,2,1,1,2,4,4
135,"Zuerich","lab",1,4,4,3,4,1,3,1,1,0,0,0,3
136,"Zuerich","lab",1,3,4,2,1,2,3,2,3,3,4,3,3
137,"Zuerich","lab",1,3,3,3,3,3,3,3,3,4,4,4,1
138,"Zuerich","lab",1,3,3,3,4,2,3,1,1,2,2,3,4
139,"Zuerich","lab",1,3,3,3,3,3,3,3,3,3,1,1,3
140,"Zuerich","lab",1,3,2,1,3,4,3,3,3,4,3,3,3
141,"Zuerich","lab",1,3,3,1,2,4,4,3,3,1,1,1,3
142,"Zuerich","lab",1,3,2,2,2,3,4,3,3,2,1,2,3
143,"Zuerich","lab",1,3,3,3,3,2,3,1,2,2,2,3,4
144,"Zuerich","lab",1,4,4,4,4,3,4,4,4,4,4,4,4
145,"Zuerich","lab",1,4,1,3,3,4,4,3,4,3,2,3,3
146,"Zuerich","lab",1,3,1,2,3,3,4,3,2,3,3,4,3
147,"Zuerich","lab",1,4,4,3,3,2,1,0,1,4,4,4,3
148,"Zuerich","lab",1,3,3,3,3,1,4,2,1,2,0,3,3
149,"Zuerich","lab",1,3,1,1,2,2,3,3,1,2,2,3,3
150,"Zuerich","lab",1,2,1,1,2,3,3,4,4,1,1,1,1
151,"Zuerich","lab",1,2,3,1,1,3,3,3,3,2,1,3,3
152,"Zuerich","lab",1,4,4,3,4,0,1,1,1,3,3,4,4
153,"Zuerich","lab",1,4,3,4,4,2,2,2,2,1,0,1,1
154,"Zuerich","lab",1,1,3,2,3,3,4,3,2,0,1,1,3
155,"Zuerich","lab",1,2,3,1,2,4,4,4,3,0,0,1,3
156,"Zuerich","lab",1,1,3,3,2,2,1,3,3,1,2,2,2
157,"Zuerich","lab",1,3,4,4,2,4,3,4,4,2,2,2,2
158,"Zuerich","lab",1,3,2,3,4,4,4,4,4,4,4,4,4
159,"Zuerich","lab",1,4,4,0,3,3,3,3,4,3,1,3,3
160,"Zuerich","lab",1,3,3,2,3,3,3,3,3,2,0,3,4
161,"Zuerich","lab",1,4,3,4,2,1,1,1,1,2,1,4,4
162,"Zuerich","lab",1,1,0,1,0,4,3,4,4,0,0,2,0
163,"Zuerich","lab",1,3,2,2,2,3,4,3,3,3,1,1,1
164,"Zuerich","lab",1,3,3,1,2,3,3,3,3,1,0,3,4
165,"Zuerich","lab",1,2,1,1,1,4,3,3,4,1,1,2,1
166,"Zuerich","lab",1,3,3,3,4,3,2,3,0,0,0,0,0
167,"Zuerich","lab",1,3,3,1,1,3,4,3,3,4,1,4,3
168,"Zuerich","lab",1,4,1,3,3,2,1,1,1,3,3,4,4
169,"Zuerich","lab",1,3,2,2,2,3,3,3,3,1,1,2,2
170,"Zuerich","lab",1,3,3,3,2,3,3,2,2,1,1,1,3
171,"Zuerich","lab",1,3,3,3,3,3,4,3,1,2,3,2,3
172,"Zuerich","lab",1,3,2,2,3,3,2,3,2,1,0,3,3
173,"Zuerich","lab",1,2,2,2,2,3,3,3,3,1,2,2,2
174,"Zuerich","lab",1,4,2,3,3,2,4,3,2,4,3,3,4
175,"Zuerich","lab",1,3,1,1,3,3,4,3,3,3,2,4,3
176,"Zuerich","lab",1,4,3,2,2,3,3,2,1,1,1,3,1
177,"Heidelberg","lab",1,3,4,4,3,3,3,3,3,0,2,4,4
178,"Heidelberg","lab",1,3,3,2,1,3,3,3,2,1,2,3,3
179,"Heidelberg","lab",1,3,3,3,2,2,4,4,3,2,3,3,3
180,"Heidelberg","lab",1,3,3,3,2,4,4,4,4,1,2,1,0
181,"Heidelberg","lab",1,3,4,4,4,3,3,3,3,3,2,1,3
182,"Heidelberg","lab",1,3,3,3,2,0,2,1,0,1,2,2,0
183,"Heidelberg","lab",1,1,3,2,1,3,3,3,3,1,1,2,3
184,"Heidelberg","lab",1,1,1,1,1,4,3,3,3,1,0,0,3
185,"Heidelberg","lab",1,3,1,3,3,1,2,1,3,2,0,3,1
186,"Heidelberg","lab",1,3,3,2,1,3,2,3,1,3,2,4,4
187,"Heidelberg","lab",1,4,4,2,2,2,1,2,2,2,2,2,2
188,"Heidelberg","lab",1,3,3,1,3,1,3,1,1,0,0,1,2
189,"Heidelberg","lab",1,3,1,1,1,3,4,1,1,1,1,3,3
190,"Heidelberg","lab",1,2,1,1,3,3,3,3,2,3,1,3,4
191,"Heidelberg","lab",1,3,3,4,4,3,3,3,3,4,4,4,4
192,"Heidelberg","lab",1,2,2,2,2,3,1,1,2,1,1,1,1
193,"Heidelberg","lab",1,3,3,3,2,3,3,3,3,2,2,3,4
194,"Heidelberg","lab",1,3,3,2,3,2,3,2,2,1,0,0,3
195,"Heidelberg","lab",1,1,3,2,1,3,4,3,4,1,1,3,3
196,"Heidelberg","lab",1,1,1,2,1,3,3,3,3,4,3,3,2
197,"Heidelberg","lab",1,4,3,3,3,3,3,1,0,4,2,3,3
198,"Heidelberg","lab",1,1,1,1,1,3,3,3,3,0,0,0,0
199,"Heidelberg","lab",1,1,3,2,0,3,3,3,3,4,2,3,3
200,"Heidelberg","lab",1,4,3,3,3,3,4,3,3,2,0,2,4
201,"Heidelberg","lab",1,3,4,3,3,3,2,2,1,3,3,4,1
202,"Heidelberg","lab",1,4,3,3,3,2,3,2,1,2,1,1,3
203,"Heidelberg","lab",1,4,4,4,4,1,1,3,3,1,3,3,1
204,"Heidelberg","lab",1,3,3,3,3,0,3,1,1,4,4,4,1
205,"Heidelberg","lab",1,1,2,1,3,4,4,3,3,1,0,4,3
206,"Heidelberg","lab",1,3,4,1,2,4,3,4,4,3,2,3,3
207,"Heidelberg","lab",1,3,3,1,2,3,3,4,3,1,2,3,1
208,"Heidelberg","lab",1,3,4,3,3,0,4,2,1,4,4,4,4
209,"Heidelberg","lab",1,2,4,3,4,3,3,3,2,1,0,2,3
210,"Heidelberg","lab",1,3,1,1,1,3,3,3,1,0,2,3,3
211,"Heidelberg","lab",1,3,4,1,3,3,4,3,3,1,1,1,3
212,"Heidelberg","lab",1,1,3,2,3,3,3,3,1,1,1,2,3
213,"Heidelberg","lab",1,3,4,1,1,3,3,2,2,1,2,4,4
214,"Heidelberg","lab",1,2,2,1,2,2,3,3,2,1,1,4,3
215,"Heidelberg","lab",1,0,3,0,0,4,4,4,4,0,4,4,0
216,"Heidelberg","lab",1,4,1,2,3,3,4,4,3,3,2,4,4
217,"Heidelberg","lab",1,3,3,2,1,3,3,3,3,0,0,0,0
218,"Heidelberg","lab",1,1,1,1,3,2,3,3,1,3,3,3,3
219,"Heidelberg","lab",1,1,1,1,1,4,3,4,4,0,1,2,2
220,"Heidelberg","lab",1,3,3,1,2,4,4,4,4,0,2,3,4
221,"Heidelberg","lab",1,1,3,2,1,3,3,3,2,2,2,3,3
222,"Heidelberg","lab",1,1,3,1,1,4,3,4,3,1,0,1,1
223,"Heidelberg","lab",1,4,4,4,4,0,4,1,3,0,0,0,0
224,"Heidelberg","lab",1,3,3,1,1,4,4,4,3,3,1,3,4
225,"Heidelberg","lab",1,1,1,1,2,3,3,2,1,2,2,1,2
226,"Heidelberg","lab",1,2,1,3,1,4,3,4,4,1,1,4,4
227,"Heidelberg","lab",1,1,0,1,1,4,3,4,1,0,3,3,4
228,"Heidelberg","lab",1,2,3,2,1,2,3,2,2,0,4,4,2
229,"Heidelberg","lab",1,2,3,1,1,4,4,2,1,1,2,0,3
230,"Heidelberg","lab",1,4,3,3,4,1,1,1,1,0,2,2,2
231,"Heidelberg","lab",1,2,1,1,2,3,4,3,3,2,2,3,2
232,"Heidelberg","lab",1,2,2,1,2,3,4,4,4,1,1,2,3
233,"Heidelberg","lab",1,2,2,0,0,3,4,4,4,0,0,4,4
234,"Heidelberg","lab",1,4,3,3,4,2,2,1,1,1,0,2,3
235,"Heidelberg","lab",1,2,1,1,3,3,1,1,3,3,3,3,3
236,"Heidelberg","lab",1,2,1,1,1,4,4,4,4,2,2,3,3
237,"Heidelberg","lab",1,3,2,2,1,3,4,3,3,1,2,2,2
238,"Heidelberg","lab",1,4,4,3,3,3,1,4,3,3,3,3,0
239,"Heidelberg","lab",1,4,4,3,3,0,3,1,3,4,3,4,4
240,"Heidelberg","lab",1,3,3,1,1,2,3,2,2,1,2,3,4
241,"Heidelberg","lab",1,3,4,3,3,2,3,2,2,2,1,2,3
242,"Heidelberg","lab",1,1,1,1,1,3,3,3,3,1,1,3,3
243,"Heidelberg","lab",1,3,3,3,3,1,3,1,1,1,3,3,3
244,"Heidelberg","lab",1,3,3,3,3,4,3,4,3,3,3,3,4
245,"Heidelberg","lab",1,1,0,1,2,4,3,4,3,0,0,2,2
246,"Heidelberg","lab",1,2,3,1,3,4,4,4,1,1,3,3,3
247,"Heidelberg","lab",1,3,3,1,3,3,4,3,2,3,0,3,3
248,"Heidelberg","lab",1,3,4,2,2,4,4,4,3,3,3,3,2
249,"Heidelberg","lab",1,1,1,0,1,3,3,3,3,0,2,2,0
250,"Heidelberg","lab",1,1,3,1,3,3,3,3,1,1,0,3,3
251,"Heidelberg","lab",1,4,4,4,2,2,1,1,1,4,3,4,4
252,"Heidelberg","lab",1,3,2,1,2,4,4,4,3,2,0,3,4
253,"Heidelberg","lab",1,1,1,1,1,2,3,2,3,4,1,4,3
254,"Heidelberg","lab",1,3,3,3,3,3,2,2,2,1,0,2,3
255,"Heidelberg","lab",1,3,3,1,1,4,4,3,3,4,1,3,4
256,"Heidelberg","lab",1,3,4,2,3,2,4,1,1,2,3,4,3
257,"Heidelberg","lab",1,3,3,2,2,3,1,3,1,1,1,2,3
258,"Heidelberg","lab",1,1,3,1,2,3,3,4,0,0,1,1,4
259,"Heidelberg","lab",1,2,3,3,3,4,4,4,4,2,0,4,4
260,"Heidelberg","lab",1,1,1,2,1,3,3,1,1,0,0,3,3
261,"Heidelberg","lab",1,3,4,3,3,3,4,3,3,2,0,0,2
262,"Heidelberg","lab",1,3,1,3,3,3,3,3,3,3,4,4,4
263,"Heidelberg","lab",1,3,1,1,2,4,4,4,4,4,0,4,0
264,"Heidelberg","lab",1,3,3,3,4,2,3,2,2,2,3,4,4
265,"Heidelberg","lab",1,3,1,1,0,2,2,3,1,2,2,1,2
266,"Heidelberg","lab",1,2,2,1,2,3,3,3,0,1,1,3,4
267,"Heidelberg","lab",1,3,4,3,3,3,4,3,3,3,3,2,2
268,"Heidelberg","lab",1,3,4,2,0,3,3,3,2,4,4,4,3
269,"Heidelberg","lab",1,2,3,3,4,3,4,3,3,3,3,3,3
270,"Heidelberg","lab",1,4,3,3,3,2,3,2,1,3,3,4,3
271,"Heidelberg","lab",1,2,2,1,2,2,3,2,3,3,3,4,3
272,"Heidelberg","lab",1,3,3,3,4,3,4,3,3,0,0,3,3
273,"Heidelberg","lab",1,4,3,3,3,3,4,4,4,2,0,3,3
274,"Heidelberg","lab",1,2,3,1,1,3,3,3,2,1,0,2,4
275,"Heidelberg","lab",1,3,4,2,1,3,4,3,3,4,4,4,2
276,"Heidelberg","lab",1,4,4,2,3,4,0,4,4,4,2,3,4
277,"Heidelberg","lab",1,3,0,1,3,4,3,4,4,2,0,1,3
278,"Heidelberg","lab",1,3,3,2,3,2,3,2,1,2,0,2,3
279,"Heidelberg","lab",1,3,3,1,2,3,4,3,3,1,2,3,1
280,"Heidelberg","lab",1,1,1,3,1,1,4,4,4,3,3,4,4
281,"Heidelberg","lab",1,3,3,2,3,3,3,3,3,2,1,2,3
282,"Heidelberg","lab",1,2,3,1,3,3,4,4,3,2,3,3,2
283,"Heidelberg","lab",1,2,2,3,3,3,3,3,3,2,0,2,1
284,"Heidelberg","lab",1,3,3,4,3,4,1,4,3,3,1,3,3
285,"Heidelberg","lab",1,4,4,2,4,3,3,3,1,4,0,4,4
286,"Heidelberg","lab",1,2,3,2,1,2,3,3,3,3,2,4,4
287,"Heidelberg","lab",1,3,3,4,4,3,4,3,2,3,3,4,4
288,"Heidelberg","lab",1,3,4,2,3,4,3,3,3,3,1,4,4
289,"Heidelberg","lab",1,1,3,1,1,3,4,3,3,1,0,0,4
290,"Heidelberg","lab",1,3,3,3,4,3,3,3,1,4,2,3,1
291,"Heidelberg","lab",1,1,1,1,1,3,4,3,3,0,2,3,3
292,"Heidelberg","lab",1,4,3,3,4,1,4,3,3,4,3,3,3
293,"Heidelberg","lab",1,1,3,1,2,3,3,4,3,4,3,3,4
294,"Heidelberg","lab",1,3,3,3,4,3,3,1,1,4,4,4,2
295,"Heidelberg","lab",1,2,3,3,1,3,3,3,3,0,0,3,4
296,"Heidelberg","lab",1,1,3,2,3,1,1,1,1,3,3,4,4
297,"Heidelberg","lab",1,1,1,1,1,3,3,4,3,2,3,3,4
298,"Heidelberg","lab",1,3,3,1,3,4,4,4,4,4,4,4,4
299,"Heidelberg","lab",1,3,2,1,2,3,3,3,2,3,2,4,4
300,"Heidelberg","lab",1,3,4,2,3,3,3,4,3,3,3,4,4
301,"Heidelberg","lab",1,3,3,2,1,4,4,3,3,2,2,4,4
302,"Heidelberg","lab",1,1,3,1,1,3,4,3,4,1,1,3,1
303,"Heidelberg","lab",1,3,3,1,2,1,3,1,0,4,4,4,4
304,"Heidelberg","lab",1,4,3,4,4,1,2,1,3,1,0,0,0
305,"Heidelberg","lab",1,3,3,2,1,4,3,4,1,3,3,3,3
306,"Heidelberg","lab",1,1,3,2,1,2,3,3,3,0,0,1,1
307,"Heidelberg","lab",1,3,3,2,3,3,3,3,3,0,0,1,3
308,"Heidelberg","lab",1,3,3,3,3,3,2,2,2,3,1,3,3
309,"Heidelberg","lab",1,3,3,2,2,4,0,0,3,3,1,2,1
310,"Heidelberg","lab",1,3,2,2,3,3,4,3,3,1,1,4,2
311,"Heidelberg","lab",1,2,2,2,2,3,3,3,3,1,1,3,4
312,"Heidelberg","lab",3,4,3,3,0,2,0,0,2,3,0,1,1
313,"Heidelberg","lab",3,3,2,1,2,2,1,2,2,2,2,2,1
314,"Heidelberg","lab",3,3,2,2,0,1,1,0,1,2,1,0,0
315,"Heidelberg","lab",3,3,3,2,2,3,1,3,2,3,3,1,0
316,"Heidelberg","lab",3,3,3,4,1,2,0,1,3,3,1,1,1
317,"Heidelberg","lab",3,4,2,1,1,1,0,0,2,3,1,3,1
318,"Heidelberg","lab",3,3,1,1,3,1,3,3,1,0,3,3,2
319,"Heidelberg","lab",3,2,1,2,1,0,3,0,1,3,0,3,2
320,"Heidelberg","lab",3,3,2,3,1,1,0,1,1,2,1,2,2
321,"Heidelberg","lab",3,2,3,3,2,3,3,3,2,4,3,4,4
322,"Heidelberg","lab",3,2,3,1,1,4,4,4,4,0,0,0,4
323,"Heidelberg","lab",3,2,3,2,3,3,3,3,2,2,1,3,2
324,"Heidelberg","lab",3,2,2,1,2,3,3,3,2,0,0,2,2
325,"Heidelberg","lab",3,3,3,4,4,2,1,1,0,0,3,2,2
326,"Heidelberg","lab",3,3,3,3,2,3,3,3,3,3,1,3,3
327,"Heidelberg","lab",3,3,3,3,3,2,1,2,2,3,4,4,4
328,"Heidelberg","lab",3,4,2,3,4,3,3,3,2,2,3,3,4
329,"Heidelberg","lab",3,4,3,3,3,2,3,1,3,1,2,4,4
330,"Heidelberg","lab",3,3,3,1,2,4,3,4,3,1,2,2,3
331,"Heidelberg","lab",3,2,1,1,1,2,2,3,2,1,0,3,3
332,"Heidelberg","lab",3,3,0,3,3,3,4,3,3,1,1,4,4
333,"Heidelberg","lab",3,4,3,3,4,3,4,3,2,3,2,3,3
334,"Heidelberg","lab",3,3,3,3,3,4,3,4,4,2,3,3,4
335,"Heidelberg","lab",3,3,3,3,3,3,3,3,1,3,1,4,3
336,"Heidelberg","lab",3,3,3,1,1,3,4,3,3,0,1,2,1
337,"Heidelberg","lab",3,2,3,3,2,3,2,3,2,2,3,3,3
338,"Heidelberg","lab",3,3,3,1,2,3,2,2,1,2,3,3,3
339,"Heidelberg","lab",3,3,3,2,3,3,3,3,3,3,3,4,2
340,"Heidelberg","lab",3,4,1,2,3,2,2,2,2,1,1,2,3
341,"Heidelberg","lab",3,3,3,1,3,3,3,3,3,2,2,3,1
342,"Heidelberg","lab",3,3,3,3,3,1,1,1,1,2,2,2,3
343,"Heidelberg","lab",3,2,3,3,3,2,3,3,3,2,1,2,3
344,"Heidelberg","lab",3,2,2,2,4,2,4,4,3,0,0,0,0
345,"Heidelberg","lab",3,3,4,2,1,1,3,1,1,1,0,4,4
346,"Heidelberg","lab",3,3,3,1,3,4,4,4,4,1,0,1,3
347,"Heidelberg","lab",3,4,4,3,4,1,2,2,2,4,4,4,0
348,"Heidelberg","lab",3,2,3,2,3,3,3,3,4,4,3,4,3
349,"Heidelberg","lab",3,3,3,3,2,2,2,2,2,3,3,3,2
350,"Heidelberg","lab",3,3,3,3,3,3,2,3,2,0,0,2,1
351,"Heidelberg","lab",3,4,3,3,3,3,3,1,2,3,3,3,1
352,"Heidelberg","lab",3,3,4,2,3,4,4,4,4,4,4,4,4
353,"Heidelberg","online",2,0,0,0,0,4,4,3,3,4,4,3,3
354,"Heidelberg","online",2,0,1,0,2,4,3,4,4,0,0,0,3
355,"Heidelberg","online",2,3,3,3,3,4,4,3,4,1,1,1,2
356,"Heidelberg","online",2,3,3,2,2,3,3,3,3,3,3,3,4
357,"Heidelberg","online",2,3,3,3,3,3,3,3,1,3,4,4,1
358,"Heidelberg","online",2,3,2,3,3,3,3,4,4,2,0,3,3
359,"Heidelberg","online",2,3,3,3,3,3,3,3,1,4,3,3,4
360,"Heidelberg","online",2,3,3,3,4,3,4,3,3,0,0,0,4
361,"Heidelberg","online",2,3,3,3,3,2,3,3,3,3,3,2,3
362,"Heidelberg","online",2,3,3,3,3,3,3,3,3,0,0,0,0
363,"Heidelberg","online",2,2,3,1,1,4,4,4,4,3,4,3,3
364,"Heidelberg","online",2,3,2,2,3,3,4,3,3,2,2,2,3
365,"Heidelberg","online",2,3,3,2,3,3,4,3,3,3,4,4,3
366,"Heidelberg","online",2,4,4,4,4,0,0,0,0,4,4,4,3
367,"Heidelberg","online",2,3,0,1,3,4,3,3,2,1,0,3,3
368,"Heidelberg","online",2,4,4,3,3,3,2,3,1,0,0,0,0
369,"Heidelberg","online",2,4,3,4,3,2,2,2,3,1,0,1,1
370,"Heidelberg","online",2,3,1,1,3,2,3,3,1,4,1,3,4
371,"Heidelberg","online",2,3,1,3,2,3,4,3,2,2,2,3,3
372,"Heidelberg","online",2,3,3,4,4,1,4,1,1,1,3,3,4
373,"Heidelberg","online",2,4,3,4,3,1,2,2,3,3,2,3,3
374,"Heidelberg","online",2,3,1,1,3,2,1,1,3,1,3,3,3
375,"Heidelberg","online",2,3,1,3,4,3,3,3,0,3,3,3,3
376,"Heidelberg","online",2,3,3,3,3,2,3,3,3,1,1,2,3
377,"Heidelberg","online",2,3,3,3,3,3,3,3,2,3,3,3,3
378,"Heidelberg","online",2,2,3,1,1,4,4,4,4,3,3,3,3
379,"Heidelberg","online",2,1,3,1,1,3,3,3,3,3,3,3,3
380,"Heidelberg","online",2,4,3,3,3,2,1,1,1,3,3,4,4
381,"Heidelberg","online",2,3,3,2,3,3,4,3,3,3,3,3,4
382,"Heidelberg","online",2,4,4,4,4,3,4,1,3,0,0,2,3
383,"Heidelberg","online",2,3,3,3,3,2,3,2,1,3,0,0,3
384,"Heidelberg","online",2,3,3,1,1,1,2,2,1,1,2,4,3
385,"Heidelberg","online",2,4,3,4,4,1,1,1,1,4,4,4,3
386,"Heidelberg","online",2,4,4,3,4,1,3,2,1,3,3,3,3
387,"Heidelberg","online",2,1,0,1,1,3,3,3,1,1,1,1,3
388,"Heidelberg","online",2,1,1,1,1,4,3,3,3,0,1,1,1
389,"Heidelberg","online",2,3,4,2,3,3,3,3,3,0,0,1,0
390,"Heidelberg","online",2,4,3,0,1,3,3,4,3,1,3,3,4
391,"Heidelberg","online",2,3,1,1,3,3,3,3,1,1,1,2,3
392,"Heidelberg","online",2,1,1,1,3,3,3,3,2,1,1,3,3
393,"Heidelberg","online",2,3,3,1,1,1,3,2,1,3,0,3,4
394,"Heidelberg","online",2,3,2,1,2,3,4,3,3,3,3,3,3
395,"Heidelberg","online",2,2,1,3,3,2,3,3,1,1,2,1,2
396,"Heidelberg","online",2,3,3,2,2,2,1,1,1,4,3,2,3
397,"Heidelberg","online",2,1,2,1,1,2,3,4,4,1,1,1,3
398,"Heidelberg","online",2,3,3,3,3,2,2,2,2,4,3,3,2
399,"Heidelberg","online",2,3,2,1,2,3,3,3,3,2,1,3,1
400,"Heidelberg","online",2,2,2,2,2,4,3,1,3,3,3,1,0
401,"Heidelberg","online",2,3,1,3,3,3,3,3,3,0,2,3,2
402,"Heidelberg","online",2,3,1,1,1,4,3,3,3,2,1,2,3
403,"Heidelberg","online",2,4,1,4,2,4,1,3,3,0,2,1,1
404,"Heidelberg","online",2,3,1,1,3,1,1,1,2,3,1,3,1
405,"Heidelberg","online",2,3,2,1,1,4,3,3,3,3,3,3,3
406,"Heidelberg","online",2,3,4,3,3,3,3,3,3,3,3,3,3
407,"Heidelberg","online",2,4,3,4,3,2,2,1,1,1,0,1,2
408,"Heidelberg","online",2,3,3,2,1,3,3,3,2,2,1,1,1
409,"Heidelberg","online",2,2,1,0,0,4,3,3,3,1,1,2,1
410,"Heidelberg","online",2,3,3,4,3,3,3,3,3,2,1,2,4
411,"Heidelberg","online",2,2,2,2,2,3,3,3,3,2,2,2,3
412,"Heidelberg","online",2,3,2,3,3,2,3,1,2,3,2,3,3
413,"Heidelberg","online",2,3,3,2,3,3,3,3,2,3,3,4,3
414,"Heidelberg","online",2,3,4,3,3,2,1,1,2,1,3,3,4
415,"Heidelberg","online",2,4,3,4,4,1,1,1,0,4,1,3,1
416,"Heidelberg","online",2,4,3,3,3,3,3,3,4,1,0,2,4
417,"Heidelberg","online",2,1,3,3,1,3,3,3,3,1,3,3,3
418,"Heidelberg","online",2,3,3,3,3,1,3,1,3,3,3,3,3
419,"Heidelberg","online",2,1,1,0,0,4,4,4,4,0,0,0,1
420,"Heidelberg","online",2,4,4,2,3,4,4,4,4,3,3,4,4
421,"Heidelberg","online",2,4,4,2,1,1,4,2,2,4,0,0,1
422,"Heidelberg","online",2,4,4,4,4,1,3,2,1,3,2,3,4
423,"Heidelberg","online",2,0,1,0,0,3,4,3,2,0,0,0,3
424,"Heidelberg","online",2,4,4,4,4,3,4,3,3,3,3,3,3
425,"Heidelberg","online",2,3,2,2,3,3,3,3,3,3,3,3,2
426,"Heidelberg","online",2,3,3,2,2,4,3,3,3,3,4,3,3
427,"Heidelberg","online",2,1,3,1,1,4,0,4,3,3,2,3,3
428,"Heidelberg","online",2,3,3,4,4,2,2,1,2,2,1,2,2
429,"Heidelberg","online",2,4,3,4,3,1,1,1,1,0,1,2,1
430,"Heidelberg","online",2,3,3,4,2,3,3,3,3,2,3,3,3
431,"Heidelberg","online",2,3,2,3,3,1,3,1,1,3,3,3,4
432,"Heidelberg","online",2,3,1,3,3,1,2,1,1,1,1,1,4
433,"Heidelberg","online",2,1,0,0,1,4,3,4,3,0,0,0,0
434,"Heidelberg","online",2,3,3,3,3,3,3,3,3,2,2,2,1
435,"Heidelberg","online",2,1,1,1,1,4,4,4,3,1,0,1,1
436,"Heidelberg","online",2,2,4,2,3,2,3,1,3,0,0,1,0
437,"Heidelberg","online",2,4,3,3,3,4,4,4,2,3,3,1,3
438,"Heidelberg","online",2,3,1,3,3,3,4,3,3,0,1,1,3
439,"Heidelberg","online",2,1,1,0,0,3,4,3,4,2,3,3,0
440,"Heidelberg","online",2,3,3,2,3,3,3,3,3,3,3,4,4
441,"Heidelberg","online",2,1,3,1,1,3,3,3,3,1,2,2,1
442,"Heidelberg","online",2,4,3,4,4,0,1,1,1,1,2,2,3
443,"Heidelberg","online",2,2,3,2,2,4,4,4,3,1,3,3,2
444,"Heidelberg","online",2,3,3,3,3,3,4,4,4,0,0,0,3
445,"Heidelberg","online",2,3,1,1,1,3,3,3,3,3,4,4,2
446,"Heidelberg","online",2,0,3,1,2,4,4,4,4,2,0,3,3
447,"Heidelberg","online",2,3,1,2,3,3,4,3,3,4,4,4,2
448,"Heidelberg","online",2,4,4,3,4,0,4,1,2,3,1,3,2
449,"Heidelberg","online",2,3,3,3,3,3,4,4,3,0,2,3,3
450,"Heidelberg","online",2,3,3,3,3,3,3,2,3,1,0,2,2
451,"Heidelberg","online",2,3,3,2,3,3,3,3,3,3,3,3,4
452,"Heidelberg","online",2,3,1,3,3,4,3,4,4,3,3,3,1
453,"Heidelberg","online",2,3,3,3,3,2,3,1,2,2,3,3,3
454,"Heidelberg","online",2,4,4,4,4,3,3,0,4,1,3,0,0
455,"Heidelberg","online",2,3,3,1,1,3,3,3,3,3,3,4,3
456,"Heidelberg","online",2,3,3,2,3,3,4,4,3,2,3,2,3
457,"Heidelberg","online",2,3,2,2,2,3,3,3,3,3,2,2,3
458,"Heidelberg","online",2,3,3,3,3,2,4,2,2,1,1,3,3
459,"Heidelberg","online",2,4,2,3,3,1,3,3,3,1,0,1,1
460,"Heidelberg","online",2,3,3,1,0,3,3,4,3,3,4,4,4
461,"Heidelberg","online",2,2,1,1,3,2,2,1,1,0,0,0,1
462,"Heidelberg","online",2,3,1,1,1,4,3,4,3,3,3,4,4
463,"Heidelberg","online",2,2,3,3,2,0,4,2,3,3,4,3,4
464,"Heidelberg","online",2,3,2,3,2,3,3,3,3,2,0,2,3
465,"Heidelberg","online",2,3,2,3,3,3,1,3,3,2,1,1,3
466,"Heidelberg","online",2,1,0,0,0,3,3,3,3,3,3,3,3
467,"Heidelberg","online",2,2,3,2,3,3,3,1,3,2,2,3,3
468,"Heidelberg","online",2,1,3,1,2,3,4,3,3,4,3,4,4
469,"Heidelberg","online",2,3,3,1,1,4,4,4,3,3,2,3,3
470,"Heidelberg","online",2,3,3,3,3,3,1,4,1,0,0,3,3
471,"Heidelberg","online",2,3,4,3,3,3,4,4,4,3,3,3,3
472,"Heidelberg","online",2,1,1,2,2,2,2,2,2,2,2,2,2
473,"Heidelberg","online",2,3,2,2,3,3,3,2,2,3,1,1,3
474,"Heidelberg","online",2,3,2,2,2,3,3,3,2,3,2,1,2
475,"Heidelberg","online",2,3,1,1,1,3,3,1,2,0,0,2,3
476,"Heidelberg","online",2,3,1,1,1,4,4,3,3,2,0,1,3
477,"Heidelberg","online",2,3,3,3,2,4,4,3,3,3,3,4,1
478,"Heidelberg","online",2,3,3,1,2,2,3,3,3,2,2,2,2
479,"Heidelberg","online",2,4,2,3,4,1,1,1,1,3,3,2,3
480,"Heidelberg","online",2,1,1,1,1,3,3,3,1,2,3,1,1
481,"Heidelberg","online",2,4,4,2,3,3,2,3,2,4,4,2,0
482,"Heidelberg","online",2,4,4,2,3,2,2,2,3,3,3,0,0
483,"Heidelberg","online",2,3,1,3,1,1,1,2,3,3,0,4,1
484,"Heidelberg","online",2,2,2,2,2,3,3,3,2,3,2,3,2
485,"Heidelberg","online",2,4,3,3,3,1,1,1,1,1,0,3,2
486,"Heidelberg","online",2,1,1,0,1,4,3,3,3,1,0,0,3
487,"Heidelberg","online",2,4,3,3,3,4,4,4,4,3,3,3,0
488,"Heidelberg","online",2,1,3,2,4,3,4,3,2,2,3,3,4
489,"Heidelberg","online",2,2,3,2,3,3,3,3,2,3,3,3,4
490,"Heidelberg","online",2,3,3,1,1,3,2,3,2,2,1,1,3
491,"Heidelberg","online",2,3,3,1,3,4,4,1,4,3,3,4,4
492,"Heidelberg","online",2,3,3,3,3,3,4,4,3,1,1,1,3
493,"Heidelberg","online",2,2,1,1,1,1,3,1,3,1,1,0,0
494,"Heidelberg","online",2,3,3,3,3,2,4,2,4,2,0,2,2
495,"Heidelberg","online",2,2,1,1,1,4,3,3,3,2,2,3,2
496,"Heidelberg","online",2,3,3,3,3,3,3,2,3,2,3,4,4
497,"Heidelberg","online",2,4,3,3,3,0,3,3,1,0,0,3,2
498,"Heidelberg","online",2,2,1,1,1,1,1,1,1,2,1,3,3
499,"Heidelberg","online",2,4,4,4,4,1,2,1,1,2,1,2,1
500,"Heidelberg","online",2,1,4,3,3,3,3,2,2,3,2,3,4
501,"Heidelberg","online",2,1,4,1,3,1,4,2,1,4,4,2,4
502,"Heidelberg","online",2,4,4,4,4,0,2,1,1,1,1,1,1
503,"Heidelberg","online",2,2,4,4,4,0,1,0,0,3,2,2,4
504,"Heidelberg","online",2,1,1,0,0,3,3,3,3,1,0,1,3
505,"Heidelberg","online",2,3,3,2,3,3,4,3,1,3,2,3,1
506,"Heidelberg","online",2,1,1,4,0,4,4,4,4,2,4,4,4
507,"Heidelberg","online",2,3,3,3,3,2,2,1,3,1,1,0,3
508,"Heidelberg","online",2,2,3,3,2,3,3,2,3,1,1,1,1
509,"Heidelberg","online",2,1,3,1,3,3,3,3,3,2,0,0,1
510,"Heidelberg","online",2,3,1,1,2,3,3,3,2,3,1,1,3
511,"Heidelberg","online",2,3,1,1,1,4,3,4,3,3,3,3,3
512,"Heidelberg","online",2,3,3,3,3,1,3,3,3,2,2,2,2
513,"Heidelberg","online",2,4,4,4,4,1,1,1,1,2,1,1,3
514,"Heidelberg","online",2,1,1,1,1,3,2,3,2,1,0,1,3
515,"Heidelberg","online",2,2,1,2,2,3,3,2,2,3,3,3,3
516,"Heidelberg","online",2,4,4,4,4,0,1,0,1,3,3,3,4
517,"Heidelberg","online",2,3,4,1,2,2,3,2,3,2,1,1,3
518,"Heidelberg","online",2,4,4,4,4,1,3,1,1,0,0,0,3
519,"Heidelberg","online",2,3,4,3,3,3,4,4,3,2,3,3,4
520,"Heidelberg","online",2,3,3,1,1,3,3,3,3,2,2,3,1
521,"Heidelberg","online",2,3,4,3,3,3,4,3,3,0,1,3,4
522,"Heidelberg","online",2,3,2,2,3,4,4,2,3,4,4,3,0
523,"Heidelberg","online",2,2,1,2,2,2,2,3,2,3,2,2,1
524,"Heidelberg","online",2,1,2,1,0,4,0,4,0,0,0,0,0
525,"Heidelberg","online",2,1,2,1,1,3,4,3,3,0,0,2,3
526,"Heidelberg","online",2,3,3,3,3,1,2,2,1,2,1,3,4
527,"Heidelberg","lab",4,4,4,3,2,4,4,0,4,3,4,0,3
528,"Heidelberg","lab",4,3,3,1,1,4,4,3,3,0,3,3,3
529,"Heidelberg","lab",4,4,2,3,4,1,3,1,1,1,1,3,1
530,"Heidelberg","lab",4,1,2,1,1,3,3,3,2,0,1,2,1
531,"Heidelberg","lab",4,1,0,1,1,3,4,3,3,1,2,2,3
532,"Heidelberg","lab",4,4,4,4,2,4,1,1,4,0,0,2,0
533,"Heidelberg","lab",4,3,1,1,3,3,3,3,3,2,3,3,3
534,"Heidelberg","lab",4,3,2,3,4,3,4,3,2,2,1,3,3
535,"Heidelberg","lab",4,3,2,1,1,3,3,3,3,2,3,3,4
536,"Heidelberg","lab",4,3,3,1,2,2,3,2,1,4,3,4,4
537,"Heidelberg","lab",4,1,1,0,1,3,4,4,4,2,2,3,0
538,"Heidelberg","lab",4,3,3,2,2,3,3,3,3,1,2,2,3
539,"Heidelberg","lab",4,3,3,4,3,2,3,3,3,3,3,3,3
540,"Heidelberg","lab",4,4,4,4,3,2,3,2,3,3,3,3,3
541,"Heidelberg","lab",4,2,1,3,1,4,3,4,4,2,2,4,4
542,"Heidelberg","lab",4,4,3,3,3,3,4,4,3,3,3,3,1
543,"Heidelberg","lab",4,3,1,2,4,3,3,3,2,4,4,4,4
544,"Heidelberg","lab",4,3,3,2,2,3,3,3,3,3,3,4,3
545,"Heidelberg","lab",4,3,3,4,4,3,3,3,3,2,1,2,0
546,"Heidelberg","lab",4,2,3,1,3,3,4,2,0,0,0,1,0
547,"Heidelberg","lab",4,1,1,1,1,3,4,4,3,2,0,3,3
548,"Heidelberg","lab",4,1,1,2,3,4,4,4,4,0,0,0,4
549,"Heidelberg","lab",4,1,3,1,1,4,3,4,4,1,0,3,3
550,"Heidelberg","lab",4,1,1,2,1,3,1,2,2,0,1,0,3
551,"Heidelberg","lab",4,4,4,4,4,0,1,1,3,4,4,4,1
552,"Heidelberg","lab",4,2,1,1,3,4,4,3,3,1,1,2,4
553,"Heidelberg","lab",4,1,3,1,1,3,3,2,3,1,2,1,3
554,"Heidelberg","lab",4,3,3,2,2,4,4,3,3,4,4,4,4
555,"Heidelberg","lab",4,3,3,2,3,3,4,3,2,3,2,3,2
556,"Heidelberg","lab",4,3,3,3,3,3,3,3,3,3,3,3,3
557,"Heidelberg","lab",4,3,2,3,3,3,1,3,3,3,4,3,1
558,"Heidelberg","lab",4,1,1,1,1,4,3,3,3,3,3,3,1
559,"Heidelberg","lab",4,3,3,3,4,2,3,2,1,3,3,3,3
560,"Heidelberg","lab",4,3,3,1,2,3,1,2,2,3,4,3,3
561,"Heidelberg","lab",4,3,3,3,3,1,2,1,3,3,1,2,4
562,"Heidelberg","lab",4,2,1,1,1,4,0,4,3,2,1,3,3
563,"Heidelberg","lab",4,2,3,3,3,2,4,3,3,4,4,4,3
564,"Heidelberg","lab",4,3,3,3,3,2,3,2,2,2,3,3,4
565,"Heidelberg","lab",4,1,1,1,2,3,3,3,3,3,3,4,4
566,"Heidelberg","lab",4,3,0,1,1,3,3,3,3,3,0,1,3
567,"Heidelberg","lab",4,1,1,1,3,4,3,4,3,1,1,3,3
568,"Heidelberg","lab",4,1,4,3,3,2,3,1,1,1,1,3,4
569,"Heidelberg","lab",4,2,3,1,1,3,3,3,3,1,0,2,4
570,"Heidelberg","lab",4,3,0,1,3,4,4,4,4,1,0,3,0
571,"Heidelberg","lab",4,3,4,2,3,1,1,1,1,1,2,3,3
572,"Heidelberg","lab",4,3,1,3,3,3,4,4,4,4,4,4,4
573,"Heidelberg","lab",4,1,4,3,2,3,3,2,1,2,1,2,4
574,"Heidelberg","lab",4,3,3,3,3,3,3,3,3,4,4,4,4
575,"Heidelberg","lab",4,4,3,2,1,2,1,1,1,4,3,3,4
576,"Heidelberg","lab",4,3,3,3,3,2,3,2,2,2,2,2,1
577,"Heidelberg","lab",4,3,0,1,1,3,3,3,3,2,1,3,1
578,"Heidelberg","lab",4,1,3,1,1,4,4,3,3,1,0,1,0
579,"Heidelberg","lab",4,1,3,1,3,0,3,1,1,2,2,2,3
580,"Heidelberg","lab",4,1,2,1,4,4,4,3,4,3,3,3,4
581,"Heidelberg","lab",4,1,1,1,1,4,4,3,3,2,3,3,4
582,"Heidelberg","lab",4,1,1,1,2,4,3,3,3,1,1,2,1
583,"Heidelberg","lab",4,4,3,3,3,3,4,3,3,3,2,3,3
584,"Heidelberg","lab",4,3,1,1,3,4,4,3,3,3,1,3,3
585,"Heidelberg","lab",4,3,2,3,3,2,2,2,3,1,1,3,1
586,"Heidelberg","lab",4,3,3,4,3,3,3,3,3,1,1,2,1
587,"Heidelberg","lab",4,2,1,1,1,4,3,3,3,3,3,2,4
588,"Heidelberg","lab",4,1,1,1,4,4,0,4,3,3,3,4,4
589,"Heidelberg","lab",4,2,3,1,1,2,2,1,4,2,1,1,4
590,"Heidelberg","lab",4,3,1,1,1,2,3,3,3,1,1,1,2
591,"Heidelberg","lab",4,3,1,1,3,3,4,3,3,4,3,3,4
592,"Heidelberg","lab",4,4,3,2,1,3,3,3,3,2,2,2,1
593,"Heidelberg","lab",4,3,4,3,3,2,3,3,3,2,3,3,4
594,"Heidelberg","lab",4,4,3,2,3,3,3,3,2,2,0,0,0
595,"Heidelberg","lab",4,2,1,1,2,2,4,2,3,0,0,3,3
596,"Heidelberg","lab",4,3,3,3,3,3,3,3,2,3,3,4,2
597,"Heidelberg","lab",4,1,1,1,2,2,3,3,2,1,1,1,0
598,"Heidelberg","lab",4,3,1,2,3,3,3,3,3,4,3,3,1
599,"Heidelberg","lab",4,3,3,3,3,3,4,3,3,3,1,1,3
600,"Heidelberg","lab",4,4,4,2,2,3,3,3,3,4,3,4,4
601,"Heidelberg","lab",4,3,1,1,1,3,4,3,3,4,4,4,3
602,"Heidelberg","lab",4,3,4,1,1,3,4,4,4,3,3,3,2
603,"Heidelberg","lab",4,1,2,2,3,4,4,4,4,4,4,4,4
604,"Heidelberg","lab",4,4,3,4,4,1,3,3,3,4,4,4,4
605,"Heidelberg","lab",4,3,3,2,1,4,1,3,3,1,1,3,4
606,"Heidelberg","lab",4,3,3,1,1,2,3,3,3,2,0,3,3
607,"Heidelberg","lab",4,3,3,3,3,3,3,4,3,1,1,1,1
608,"Heidelberg","lab",4,3,0,1,3,3,4,4,3,3,0,4,3
609,"Heidelberg","lab",4,3,3,1,3,3,2,2,3,1,1,2,3
610,"Heidelberg","lab",4,4,2,3,4,1,3,1,0,3,4,4,4
611,"Heidelberg","lab",4,3,2,1,2,3,4,4,3,1,0,3,1
612,"Heidelberg","lab",4,4,4,4,4,3,3,3,3,2,1,3,2
613,"Heidelberg","lab",4,1,3,1,2,3,4,3,3,1,0,1,3
614,"Heidelberg","lab",4,1,3,1,2,4,4,3,3,1,3,3,2
615,"Heidelberg","lab",4,3,3,1,3,4,3,3,4,4,4,3,3
616,"Heidelberg","lab",4,3,3,1,1,4,4,4,4,1,1,1,4
617,"Heidelberg","lab",4,1,1,3,3,2,4,3,3,2,1,3,3
618,"Heidelberg","lab",4,1,1,0,0,3,4,4,4,1,0,0,3
619,"Heidelberg","lab",4,3,2,1,1,1,3,3,2,1,1,3,2
620,"Heidelberg","lab",4,3,4,3,3,1,3,3,3,2,2,2,3
621,"Heidelberg","lab",4,3,1,3,1,4,3,3,3,2,3,3,1
622,"Heidelberg","lab",4,3,4,2,3,4,3,4,4,4,3,3,3
623,"Heidelberg","lab",4,3,3,2,3,3,4,3,3,4,4,4,3
624,"Heidelberg","lab",4,4,2,2,3,1,1,1,1,1,1,3,3
625,"Heidelberg","lab",4,4,2,1,1,0,0,0,0,3,3,4,2
626,"Heidelberg","lab",4,4,4,4,4,0,1,1,1,4,4,4,3
627,"Heidelberg","lab",4,3,3,3,3,3,3,3,2,0,1,1,0
628,"Heidelberg","lab",4,2,4,1,2,3,1,3,4,4,3,4,4
629,"Heidelberg","lab",4,4,4,4,4,1,4,0,1,0,0,3,3
630,"Heidelberg","lab",4,3,3,3,3,3,1,3,3,0,0,1,4
631,"Heidelberg","lab",4,3,3,3,2,3,3,3,3,2,2,3,3
632,"Heidelberg","lab",4,3,3,3,3,3,3,3,3,3,1,3,3
633,"Heidelberg","lab",4,1,1,3,3,4,4,4,3,0,0,3,4
634,"Heidelberg","lab",4,3,1,1,1,4,3,4,2,2,3,4,3
635,"Heidelberg","lab",4,2,1,1,1,4,3,1,3,0,0,0,0
636,"Heidelberg","lab",4,4,3,2,3,2,3,3,1,4,1,4,2
637,"Heidelberg","lab",4,3,3,2,1,4,4,3,4,1,3,4,3
638,"Heidelberg","lab",4,4,1,1,3,1,1,1,1,3,3,3,3
639,"Heidelberg","lab",4,3,3,1,2,3,3,2,2,1,3,3,3
640,"Heidelberg","lab",4,3,4,3,4,1,3,1,1,1,0,0,3
641,"Heidelberg","lab",4,1,1,1,0,4,3,4,4,4,4,4,4
642,"Heidelberg","lab",4,3,2,3,3,2,3,3,3,3,3,4,4
643,"Heidelberg","lab",4,3,4,1,3,4,3,4,4,4,1,4,3
644,"Heidelberg","lab",4,1,3,3,3,3,3,3,2,1,3,3,3
645,"Heidelberg","lab",4,3,1,2,3,1,2,1,1,2,3,4,2
646,"Heidelberg","lab",4,3,1,2,3,3,3,3,2,2,3,4,4
647,"Heidelberg","lab",4,1,3,1,1,3,3,3,3,0,3,3,3
648,"Heidelberg","lab",4,3,3,1,3,4,4,4,4,3,4,3,3
649,"Heidelberg","lab",4,3,0,3,3,1,0,3,1,4,4,4,4
650,"Heidelberg","lab",4,4,3,3,3,2,1,3,3,3,2,2,3
651,"Heidelberg","lab",4,0,0,1,0,3,3,3,3,2,1,1,3
652,"Heidelberg","lab",4,1,2,3,2,1,3,1,1,2,3,3,2
653,"Heidelberg","lab",4,3,3,3,1,4,4,4,4,1,3,4,3
654,"Heidelberg","lab",4,1,3,2,1,4,4,4,4,2,1,3,3
655,"Heidelberg","lab",4,4,4,3,4,4,4,4,4,1,0,4,4
656,"Heidelberg","lab",4,1,1,0,1,4,4,4,3,1,0,0,0
657,"Heidelberg","lab",4,2,3,1,1,1,2,3,0,3,3,3,3
658,"Heidelberg","lab",4,3,3,2,2,3,0,2,2,3,2,3,3
659,"Heidelberg","lab",4,0,1,0,2,4,4,4,3,4,4,4,4
660,"Heidelberg","lab",4,1,1,2,3,3,3,3,1,2,0,2,1
661,"Heidelberg","lab",4,3,3,4,4,1,3,3,3,4,4,4,4
662,"Heidelberg","lab",4,3,2,4,3,4,4,2,3,1,0,3,3
663,"Heidelberg","lab",4,3,1,2,1,4,4,4,4,3,3,3,4
664,"Heidelberg","lab",4,4,2,3,3,2,1,2,1,1,4,3,3
665,"Heidelberg","lab",4,3,1,1,1,3,3,2,1,2,0,2,1
666,"Heidelberg","lab",4,3,1,1,2,3,3,3,4,2,4,4,4
667,"Heidelberg","lab",4,1,1,3,1,2,3,3,3,3,4,4,3
668,"Heidelberg","lab",4,3,2,1,3,4,3,3,3,2,3,4,4
669,"Heidelberg","lab",4,3,3,4,3,3,4,3,3,2,2,3,1
670,"Heidelberg","lab",4,4,4,3,3,3,3,3,3,3,3,4,2
671,"Heidelberg","lab",4,3,3,1,1,2,4,3,4,1,2,1,3
672,"Heidelberg","lab",4,3,3,2,1,3,3,3,3,2,2,3,3
673,"Heidelberg","lab",4,1,1,1,1,4,4,4,3,0,0,2,2
674,"Heidelberg","lab",4,3,3,3,3,3,3,3,3,4,4,4,0
675,"Heidelberg","lab",4,4,1,3,3,2,3,2,2,1,1,2,2
676,"Heidelberg","lab",4,3,4,3,3,3,4,3,3,4,4,4,3
677,"Heidelberg","lab",4,3,3,1,3,3,3,2,1,3,3,3,3
678,"Heidelberg","lab",4,3,3,1,2,3,3,3,3,3,3,3,2
679,"Heidelberg","lab",4,4,4,3,3,3,4,3,3,4,3,4,3
680,"Heidelberg","lab",4,3,2,1,2,1,4,1,1,2,3,3,3
681,"Heidelberg","lab",4,3,4,4,4,4,4,4,4,3,2,4,1
682,"Heidelberg","lab",4,4,3,2,3,3,3,3,3,4,2,3,1
683,"Heidelberg","lab",4,3,4,3,3,3,3,2,1,4,4,4,2
684,"Heidelberg","lab",4,3,4,3,3,3,4,3,3,0,0,1,4
685,"Heidelberg","lab",4,3,3,3,3,3,3,1,1,3,3,3,2
686,"Heidelberg","lab",4,3,3,4,4,2,3,3,1,2,0,0,1
687,"Heidelberg","lab",4,2,1,3,2,0,3,1,1,2,3,2,0
688,"Heidelberg","lab",4,3,4,1,1,3,3,3,4,2,2,2,4
689,"Heidelberg","lab",4,3,3,3,3,3,3,3,3,2,3,3,3
690,"Heidelberg","lab",4,1,3,2,3,0,3,1,1,4,3,4,3
691,"Heidelberg","lab",4,1,1,2,3,1,3,1,2,0,1,1,3
692,"Heidelberg","lab",4,3,2,4,4,4,4,4,4,1,0,1,3
693,"Heidelberg","lab",4,3,3,3,3,3,4,3,3,0,0,0,3
694,"Heidelberg","lab",4,3,4,3,3,3,3,3,3,1,3,3,1
695,"Heidelberg","lab",4,3,1,3,3,2,3,1,1,1,0,1,2
696,"Heidelberg","lab",4,3,1,3,3,1,3,3,1,3,1,3,4
697,"Heidelberg","lab",4,3,3,3,3,2,3,3,3,4,4,4,2
698,"Heidelberg","lab",4,3,3,3,3,3,3,3,3,1,1,1,3
699,"Heidelberg","lab",4,3,3,3,3,3,4,2,3,0,1,0,4
700,"Heidelberg","lab",4,1,3,1,2,4,3,3,4,1,1,2,3
701,"Heidelberg","lab",4,1,3,1,0,4,3,3,4,0,0,3,3
702,"Heidelberg","lab",4,2,3,3,3,1,3,3,3,1,3,1,3
703,"Heidelberg","lab",4,3,3,1,3,3,4,4,4,0,0,1,0
704,"Heidelberg","lab",4,3,3,1,3,2,3,4,3,2,1,3,3
705,"Heidelberg","lab",4,1,0,2,1,4,4,4,4,3,1,2,1
706,"Heidelberg","lab",4,3,3,3,3,3,3,3,3,2,1,1,1
707,"Heidelberg","lab",4,4,2,3,3,1,2,1,1,2,2,2,2
708,"Heidelberg","lab",4,2,0,3,1,3,3,1,2,3,2,3,4
709,"Heidelberg","lab",4,3,3,1,2,3,4,3,3,1,2,1,4
710,"Heidelberg","lab",4,1,0,0,1,4,4,4,4,0,0,1,4
711,"Heidelberg","lab",4,3,1,3,3,4,4,4,4,3,3,3,4
712,"Heidelberg","lab",4,3,3,1,2,3,3,3,3,2,0,3,4
713,"Heidelberg","lab",4,3,3,3,3,3,3,3,3,2,2,3,3
714,"Heidelberg","lab",4,3,3,1,3,3,3,3,3,3,4,4,3
715,"Heidelberg","lab",4,2,3,3,3,3,4,3,4,4,3,4,3
716,"Heidelberg","lab",4,3,3,3,3,3,3,3,3,3,3,3,3
717,"Heidelberg","lab",4,3,1,3,4,3,3,3,4,4,4,3,4
718,"Heidelberg","lab",4,3,3,3,3,3,3,3,4,1,3,3,3
719,"Heidelberg","lab",4,3,1,1,3,3,4,3,3,2,2,3,4
720,"Heidelberg","lab",4,1,1,0,1,4,4,4,3,0,0,1,2
721,"Heidelberg","lab",4,3,4,1,3,3,4,1,4,2,3,3,4
722,"Heidelberg","lab",4,2,3,1,3,3,3,3,3,3,2,1,3
723,"Heidelberg","lab",4,3,3,3,3,3,4,3,3,3,3,4,1
724,"Heidelberg","lab",4,1,1,2,2,1,3,0,2,2,3,4,3
725,"Heidelberg","lab",4,0,1,1,1,4,3,3,1,1,1,0,4
726,"Heidelberg","lab",4,4,2,3,3,1,0,1,1,3,4,3,1
727,"Heidelberg","lab",4,1,2,1,2,2,0,4,3,2,2,2,2
728,"Heidelberg","lab",4,3,3,3,2,3,4,4,3,3,3,3,1
729,"Heidelberg","lab",4,1,2,2,2,3,3,3,3,1,0,1,2
730,"Heidelberg","lab",4,3,2,3,3,2,3,3,3,3,3,3,3
731,"Heidelberg","lab",4,3,1,2,3,2,4,3,1,2,1,1,4
732,"Heidelberg","lab",4,3,3,2,2,3,3,2,1,1,1,3,2
733,"Heidelberg","lab",4,3,4,3,3,3,3,1,3,0,1,0,3
734,"Heidelberg","lab",4,4,4,4,3,2,1,1,1,4,4,4,3
735,"Heidelberg","lab",4,3,3,3,1,0,4,0,4,1,3,3,4
736,"Heidelberg","lab",4,2,3,1,1,3,1,3,3,2,2,4,3
737,"Heidelberg","lab",4,3,3,3,3,1,1,1,1,3,3,3,4
738,"Heidelberg","lab",4,3,0,3,3,2,3,3,3,1,3,3,1
739,"Heidelberg","lab",4,1,2,2,2,3,3,4,3,2,2,2,2
740,"Heidelberg","lab",4,3,4,3,1,1,4,1,1,1,3,4,4
741,"Heidelberg","lab",4,2,0,1,1,4,4,4,4,0,0,0,3
742,"Heidelberg","lab",4,3,4,4,4,2,3,1,1,1,1,1,4
743,"Heidelberg","lab",4,2,1,1,2,3,3,3,3,2,2,3,3
744,"Heidelberg","lab",4,3,1,0,1,3,4,3,3,3,1,4,4
745,"Heidelberg","lab",4,1,3,1,1,3,3,3,1,0,2,3,3
746,"Heidelberg","lab",4,1,3,1,1,3,3,4,4,1,2,3,3
747,"Heidelberg","lab",4,4,4,4,4,3,2,3,3,4,3,4,4
748,"Heidelberg","lab",4,4,3,4,4,2,3,3,2,4,3,4,4
749,"Heidelberg","lab",4,3,4,3,3,3,2,3,3,4,4,4,4
750,"Heidelberg","lab",4,3,0,1,1,1,4,3,3,4,0,2,3
751,"Heidelberg","lab",4,3,3,1,2,4,4,4,4,0,0,0,0
752,"Heidelberg","lab",4,3,3,3,3,2,1,3,3,0,0,0,3
753,"Heidelberg","lab",4,3,3,1,3,3,3,3,4,2,1,0,3
754,"Heidelberg","lab",4,3,1,2,3,2,2,2,2,3,3,3,3
755,"Heidelberg","lab",4,1,0,1,1,4,3,4,4,1,1,3,3
756,"Heidelberg","lab",4,2,1,1,1,4,3,4,3,1,1,3,1
757,"Zuerich","lab",2,0,0,4,4,4,1,1,0,3,3,4,4
758,"Zuerich","lab",2,3,3,1,1,3,2,0,3,3,3,2,1
759,"Zuerich","lab",2,3,1,2,2,3,1,3,3,1,1,1,1
760,"Zuerich","lab",2,1,1,1,1,4,3,3,3,1,1,1,2
761,"Zuerich","lab",2,0,3,3,3,2,2,2,2,2,1,2,1
762,"Zuerich","lab",2,1,0,2,1,4,4,4,4,0,0,0,4
763,"Zuerich","lab",2,4,4,3,3,2,2,2,3,2,1,1,3
764,"Zuerich","lab",2,3,3,2,2,3,3,1,3,2,3,3,3
765,"Zuerich","lab",2,4,2,4,4,1,2,1,0,3,2,2,1
766,"Zuerich","lab",2,3,1,2,2,4,4,3,3,3,0,3,2
767,"Zuerich","lab",2,4,4,4,4,1,0,3,0,3,3,3,3
768,"Zuerich","lab",2,3,4,3,4,4,4,4,4,0,0,3,3
769,"Zuerich","lab",2,3,3,3,3,0,2,1,0,1,0,0,0
770,"Zuerich","lab",2,3,3,1,1,3,4,3,3,2,0,0,2
771,"Zuerich","lab",2,3,2,2,3,3,3,3,2,2,3,3,3
772,"Zuerich","lab",2,3,0,2,3,1,3,1,1,2,0,3,0
773,"Zuerich","lab",2,1,0,1,1,2,3,2,2,0,0,3,3
774,"Zuerich","lab",2,3,2,2,2,2,2,2,3,2,1,2,3
775,"Zuerich","lab",2,1,1,1,1,4,4,4,4,0,0,3,2
776,"Zuerich","lab",2,3,1,1,4,2,2,2,2,3,4,4,4
777,"Zuerich","lab",2,3,3,1,2,3,3,2,1,1,1,3,3
778,"Zuerich","lab",2,1,3,1,1,4,4,3,3,0,1,1,0
779,"Zuerich","lab",2,2,2,2,1,3,4,3,3,3,1,4,3
780,"Zuerich","lab",2,3,1,1,1,2,2,2,2,3,3,3,2
781,"Zuerich","lab",2,4,4,4,4,3,1,1,3,4,4,4,4
782,"Zuerich","lab",2,3,3,2,3,3,3,3,3,4,3,4,4
783,"Zuerich","lab",2,4,4,3,3,3,3,3,2,1,0,0,2
784,"Zuerich","lab",2,1,3,1,1,1,4,4,3,1,2,3,3
785,"Zuerich","lab",2,3,4,2,2,4,3,3,3,3,4,4,0
786,"Zuerich","lab",2,3,4,3,3,2,3,3,3,2,2,4,4
787,"Zuerich","lab",2,3,4,3,3,3,3,3,3,4,4,4,4
788,"Zuerich","lab",2,2,1,1,1,3,2,3,3,0,0,3,1
789,"Zuerich","lab",2,3,1,3,3,1,3,1,1,1,1,1,2
790,"Zuerich","lab",2,3,2,1,3,4,4,4,4,1,1,3,3
791,"Zuerich","lab",2,3,2,3,3,1,1,1,1,1,1,3,3
792,"Zuerich","lab",2,3,3,1,1,3,3,3,1,3,2,1,1
793,"Zuerich","lab",2,3,4,2,2,2,4,2,1,0,1,3,4
794,"Zuerich","lab",2,3,0,3,3,3,3,2,1,3,3,3,4
795,"Zuerich","lab",2,3,2,2,3,2,4,3,4,2,2,3,3
796,"Zuerich","lab",2,3,2,2,2,3,3,3,2,2,2,2,3
797,"Zuerich","lab",2,1,1,1,1,3,3,3,3,2,0,3,1
798,"Zuerich","lab",2,2,1,2,2,3,3,3,1,1,3,4,4
799,"Zuerich","lab",2,4,4,3,4,4,4,2,4,3,4,4,4
800,"Zuerich","lab",2,1,3,2,4,3,4,4,3,0,2,4,3
801,"Zuerich","lab",2,3,3,3,3,3,3,1,1,1,1,3,3
802,"Zuerich","lab",2,2,1,1,1,4,3,4,3,0,0,1,4
803,"Zuerich","lab",2,3,4,3,3,2,2,1,1,0,1,3,0
804,"Zuerich","lab",2,0,0,0,0,4,4,4,4,0,0,0,0
805,"Zuerich","lab",2,3,1,2,3,1,1,1,1,2,0,3,4
806,"Zuerich","lab",2,1,1,0,1,3,3,3,1,2,1,3,3
807,"Zuerich","lab",2,4,3,3,3,2,2,2,2,3,2,2,2
808,"Zuerich","lab",2,1,3,2,1,3,3,3,2,2,3,3,4
809,"Zuerich","lab",2,3,2,3,1,4,3,3,3,3,4,4,1
810,"Zuerich","lab",2,0,3,3,3,0,1,0,1,1,3,4,2
811,"Zuerich","lab",2,2,1,2,1,4,3,4,4,1,1,2,2
812,"Zuerich","lab",2,1,1,0,0,4,3,4,3,2,0,3,2
813,"Zuerich","lab",2,3,0,1,2,4,4,4,4,3,3,4,4
814,"Zuerich","lab",2,2,3,3,3,3,3,2,3,4,1,2,2
815,"Zuerich","lab",2,1,3,3,3,3,4,3,4,4,4,4,1
816,"Zuerich","lab",2,1,1,2,1,1,4,3,3,2,2,2,2
817,"Zuerich","lab",2,3,3,3,2,3,3,2,3,4,3,4,2
818,"Zuerich","lab",2,1,0,4,3,4,4,4,4,3,4,4,1
819,"Zuerich","lab",2,2,2,3,1,3,3,3,3,1,2,3,1
820,"Zuerich","lab",2,1,1,1,3,1,2,1,2,3,2,1,3
821,"Zuerich","lab",2,3,3,3,3,2,3,2,3,2,1,1,2
822,"Zuerich","lab",2,1,0,1,1,3,3,2,2,3,3,3,3
823,"Zuerich","lab",2,1,4,3,4,0,3,1,1,3,3,3,4
