"subject","location","type","id","BMW3_UN_01","BMW3_UN_02","BMW3_UN_03","BMW3_UN_04","BMW3_ME_01","BMW3_ME_02","BMW3_ME_03","BMW3_ME_04","BMW3_IN_01","BMW3_IN_02","BMW3_IN_03","BMW3_IN_04","BMW3_UN","BMW3_ME","BMW3_IN","zPC_Sum","zPS_Sum","zM_Sum","zC_Sum","BMW3_UN_01_z","BMW3_UN_02_z","BMW3_UN_03_z","BMW3_UN_04_z","BMW3_ME_01_z","BMW3_ME_02_z","BMW3_ME_03_z","BMW3_ME_04_z","BMW3_IN_01_z","BMW3_IN_02_z","BMW3_IN_03_z","BMW3_IN_04_z"
1,"Heidelberg","lab",1,3,4,4,3,3,3,3,3,0,2,4,4,3.5,3,2.5,1.06515593262738,1.08749863289066,0.789630073271657,1.30841290088185,0.406969509047312,1.34022995233439,1.96330036339893,0.677061781997707,0.279724527876454,0.0831797320170895,0.274568688010384,0.574396025454575,-1.47255287583192,0.247092341442146,1.1086577168873,1.07260007995903
2,"Heidelberg","lab",1,3,3,2,1,3,3,3,2,1,2,3,3,2.25,2.75,2.25,-0.271371677441166,-0.723279451286863,0.510815618454725,-0.244855505770964,0.406969509047312,0.349135533801396,-0.0574064433742376,-1.14221873146178,0.279724527876454,0.0831797320170895,0.274568688010384,-0.361656756767695,-0.710290210695395,0.247092341442146,0.256588903908414,0.265858139477023
3,"Heidelberg","lab",1,3,3,3,2,2,4,4,3,2,3,3,3,2.75,3.25,2.75,-0.700969837820343,-0.67684924400026,-1.48735464106662,-0.77879152055787,0.406969509047312,0.349135533801396,0.952946960012347,-0.232578474732037,-0.725000306945094,1.05915525435094,1.20387809358399,0.574396025454575,0.0519724544411268,1.02366827168889,0.256588903908414,0.265858139477023
4,"Heidelberg","lab",1,3,3,3,2,4,4,4,4,1,2,1,0,2.75,4,1,-0.104305726182597,1.6446611203299,-0.465034973404538,-0.77879152055787,0.406969509047312,0.349135533801396,0.952946960012347,-0.232578474732037,1.284449362698,1.05915525435094,1.20387809358399,1.51044880767685,-0.710290210695395,0.247092341442146,-1.44754872204936,-2.15436768196899
5,"Heidelberg","lab",1,3,4,4,4,3,3,3,3,3,2,1,3,3.75,3,2.25,-2.25229652807848,-2.62691795003759,-2.04498355070049,0.0949219581843398,0.406969509047312,1.34022995233439,1.96330036339893,1.58670203872745,0.279724527876454,0.0831797320170895,0.274568688010384,0.574396025454575,0.814235119577648,0.247092341442146,-1.44754872204936,0.265858139477023
6,"Heidelberg","lab",1,3,3,3,2,0,2,1,0,1,2,2,0,2.75,0.75,1.25,2.40168354269593,2.48040485148876,2.41604772637043,2.18212637962406,0.406969509047312,0.349135533801396,0.952946960012347,-0.232578474732037,-2.73444997658819,-0.892795790316763,-1.58405012313683,-2.23376232121224,-0.710290210695395,0.247092341442146,-0.59547990907047,-2.15436768196899
7,"Heidelberg","lab",1,1,3,2,1,3,3,3,3,1,1,2,3,1.75,3,1.75,0.22982617633454,1.08749863289066,1.11491360389141,-0.633172607434168,-1.69969618484466,0.349135533801396,-0.0574064433742376,-1.14221873146178,0.279724527876454,0.0831797320170895,0.274568688010384,0.574396025454575,-0.710290210695395,-0.529483588804599,-0.59547990907047,0.265858139477023
8,"Heidelberg","lab",1,1,1,1,1,4,3,3,3,1,0,0,3,1,3.25,1,-1.29763394945809,0.576766352738026,0.232001163637793,1.59965072712926,-1.69969618484466,-1.63305330326459,-1.06775984676082,-1.14221873146178,1.284449362698,0.0831797320170895,0.274568688010384,0.574396025454575,-0.710290210695395,-1.30605951905134,-2.29961753502824,0.265858139477023
9,"Heidelberg","lab",1,3,1,3,3,1,2,1,3,2,0,3,1,2.5,1.75,1.5,-0.199771984044637,0.112464279871994,-0.186220518587606,-0.293395143478864,0.406969509047312,-1.63305330326459,0.952946960012347,0.677061781997707,-1.72972514176664,-0.892795790316763,-1.58405012313683,0.574396025454575,0.0519724544411268,-1.30605951905134,0.256588903908414,-1.34762574148698
10,"Heidelberg","lab",1,3,3,2,1,3,2,3,1,3,2,4,4,2.25,2.25,3.25,-0.772569531216872,-0.258977378420831,0.603753770060369,1.55111108942136,0.406969509047312,0.349135533801396,-0.0574064433742376,-1.14221873146178,0.279724527876454,-0.892795790316763,0.274568688010384,-1.29770953898997,0.814235119577648,0.247092341442146,1.1086577168873,1.07260007995903
11,"Heidelberg","lab",1,4,4,2,2,2,1,2,2,2,2,2,2,3,1.75,2,-1.98976431895787,-1.51259297515912,-1.48735464106662,-1.45834644846848,1.4603023559933,1.34022995233439,-0.0574064433742376,-0.232578474732037,-0.725000306945094,-1.86877131265062,-0.654740717563224,-0.361656756767695,0.0519724544411268,0.247092341442146,-0.59547990907047,-0.54088380100498
12,"Heidelberg","lab",1,3,3,1,3,1,3,1,1,0,0,1,2,2.5,1.5,0.75,0.492358385455148,0.0196038652987878,-0.0468132911791395,1.64819036483716,0.406969509047312,0.349135533801396,-1.06775984676082,0.677061781997707,-1.72972514176664,0.0831797320170895,-1.58405012313683,-1.29770953898997,-1.47255287583192,-1.30605951905134,-1.44754872204936,-0.54088380100498
13,"Heidelberg","lab",1,3,1,1,1,3,4,1,1,1,1,3,3,1.5,2.25,2,-1.24990082052707,-1.2804419387261,-0.697380352418648,-0.244855505770964,0.406969509047312,-1.63305330326459,-1.06775984676082,-1.14221873146178,0.279724527876454,1.05915525435094,-1.58405012313683,-1.29770953898997,-0.710290210695395,-0.529483588804599,0.256588903908414,0.265858139477023
14,"Heidelberg","lab",1,2,1,1,3,3,3,3,2,3,1,3,4,1.75,2.75,2.75,-0.199771984044637,0.298185109018407,1.90488789253939,-0.584632969726267,-0.646363337898672,-1.63305330326459,-1.06775984676082,0.677061781997707,0.279724527876454,0.0831797320170895,0.274568688010384,-0.361656756767695,0.814235119577648,-0.529483588804599,0.256588903908414,1.07260007995903
15,"Heidelberg","lab",1,3,3,4,4,3,3,3,3,4,4,4,4,3.5,3,4,1.70955317319615,1.73752153490311,-0.418565897601716,0.337620146723842,0.406969509047312,0.349135533801396,1.96330036339893,1.58670203872745,0.279724527876454,0.0831797320170895,0.274568688010384,0.574396025454575,1.57649778471417,1.80024420193564,1.1086577168873,1.07260007995903
16,"Heidelberg","lab",1,2,2,2,2,3,1,1,2,1,1,1,1,2,1.75,1,-0.510037322096264,0.158894487158597,-0.650911276615826,1.06571471234235,-0.646363337898672,-0.641958884731597,-0.0574064433742376,-0.232578474732037,0.279724527876454,-1.86877131265062,-1.58405012313683,-0.361656756767695,-0.710290210695395,-0.529483588804599,-1.44754872204936,-1.34762574148698
17,"Heidelberg","lab",1,3,3,3,2,3,3,3,3,2,2,3,4,2.75,3,2.75,1.97208538231676,-0.0732565492744186,1.95135696834221,1.64819036483716,0.406969509047312,0.349135533801396,0.952946960012347,-0.232578474732037,0.279724527876454,0.0831797320170895,0.274568688010384,0.574396025454575,0.0519724544411268,0.247092341442146,0.256588903908414,1.07260007995903
18,"Heidelberg","lab",1,3,3,2,3,2,3,2,2,1,0,0,3,2.75,2.25,1,-0.915768918009931,-1.2340117314395,-0.697380352418648,1.59965072712926,0.406969509047312,0.349135533801396,-0.0574064433742376,0.677061781997707,-0.725000306945094,0.0831797320170895,-0.654740717563224,-0.361656756767695,-0.710290210695395,-1.30605951905134,-2.29961753502824,0.265858139477023
19,"Heidelberg","lab",1,1,3,2,1,3,4,3,4,1,1,3,3,1.75,3.5,2,0.778757159041266,-0.723279451286863,-1.20854018624969,0.531778697555444,-1.69969618484466,0.349135533801396,-0.0574064433742376,-1.14221873146178,0.279724527876454,1.05915525435094,0.274568688010384,1.51044880767685,-0.710290210695395,-0.529483588804599,0.256588903908414,0.265858139477023
20,"Heidelberg","lab",1,1,1,2,1,3,3,3,3,4,3,3,2,1.25,3,3,-1.22603425606156,0.34461531630501,-1.67323094427791,0.192001233600141,-1.69969618484466,-1.63305330326459,-0.0574064433742376,-1.14221873146178,0.279724527876454,0.0831797320170895,0.274568688010384,0.574396025454575,1.57649778471417,1.02366827168889,0.256588903908414,-0.54088380100498
21,"Heidelberg","lab",1,4,3,3,3,3,3,1,0,4,2,3,3,3.25,1.75,3,0.110493354006991,-0.53755862214045,1.16138267969423,0.920095799218649,1.4603023559933,0.349135533801396,0.952946960012347,0.677061781997707,0.279724527876454,0.0831797320170895,-1.58405012313683,-2.23376232121224,1.57649778471417,0.247092341442146,0.256588903908414,0.265858139477023
22,"Heidelberg","lab",1,1,1,1,1,3,3,3,3,0,0,0,0,1,3,0,-0.438437628699735,-0.119686756561022,0.371408391046259,0.289080509015942,-1.69969618484466,-1.63305330326459,-1.06775984676082,-1.14221873146178,0.279724527876454,0.0831797320170895,0.274568688010384,0.574396025454575,-1.47255287583192,-1.30605951905134,-2.29961753502824,-2.15436768196899
23,"Heidelberg","lab",1,1,3,2,0,3,3,3,3,4,2,3,3,1.5,3,3,0.396892127593109,0.298185109018407,-0.27915867019325,0.920095799218649,-1.69969618484466,0.349135533801396,-0.0574064433742376,-2.05185898819152,0.279724527876454,0.0831797320170895,0.274568688010384,0.574396025454575,1.57649778471417,0.247092341442146,0.256588903908414,0.265858139477023
24,"Heidelberg","lab",1,4,3,3,3,3,4,3,3,2,0,2,4,3.25,3.25,2,-0.414571064234225,0.251754901731804,0.0925939362293266,0.580318335263345,1.4603023559933,0.349135533801396,0.952946960012347,0.677061781997707,0.279724527876454,1.05915525435094,0.274568688010384,0.574396025454575,0.0519724544411268,-1.30605951905134,-0.59547990907047,1.07260007995903
25,"Heidelberg","lab",1,3,4,3,3,3,2,2,1,3,3,4,1,3.25,2,2.75,0.0627602250759714,-0.398268000280641,1.02197545228577,-0.293395143478864,0.406969509047312,1.34022995233439,0.952946960012347,0.677061781997707,0.279724527876454,-0.892795790316763,-0.654740717563224,-1.29770953898997,0.814235119577648,1.02366827168889,1.1086577168873,-1.34762574148698
26,"Heidelberg","lab",1,4,3,3,3,2,3,2,1,2,1,1,3,3.25,2,1.75,-0.152038855113617,0.716056974597836,2.18370234735632,-1.36126717305268,1.4603023559933,0.349135533801396,0.952946960012347,0.677061781997707,-0.725000306945094,0.0831797320170895,-0.654740717563224,-1.29770953898997,0.0519724544411268,-0.529483588804599,-1.44754872204936,0.265858139477023
27,"Heidelberg","lab",1,4,4,4,4,1,1,3,3,1,3,3,1,4,2,2,-0.987368611406461,-1.3268721460127,0.185532087834971,-1.50688608617638,1.4603023559933,1.34022995233439,1.96330036339893,1.58670203872745,-1.72972514176664,-1.86877131265062,0.274568688010384,0.574396025454575,-0.710290210695395,1.02366827168889,0.256588903908414,-1.34762574148698
28,"Heidelberg","lab",1,3,3,3,3,0,3,1,1,4,4,4,1,3,1.25,3.25,-0.820302660147892,1.27321946203707,0.557284694257547,-1.16710862222107,0.406969509047312,0.349135533801396,0.952946960012347,0.677061781997707,-2.73444997658819,0.0831797320170895,-1.58405012313683,-1.29770953898997,1.57649778471417,1.80024420193564,1.1086577168873,-1.34762574148698
29,"Heidelberg","lab",1,1,2,1,3,4,4,3,3,1,0,4,3,1.75,3.5,2,0.0866267895414812,0.066034072585391,-0.836787579827114,2.27920565503986,-1.69969618484466,-0.641958884731597,-1.06775984676082,0.677061781997707,1.284449362698,1.05915525435094,0.274568688010384,0.574396025454575,-0.710290210695395,-1.30605951905134,1.1086577168873,0.265858139477023
30,"Heidelberg","lab",1,3,4,1,2,4,3,4,4,3,2,3,3,2.5,3.75,2.75,0.0388936606104615,-0.0732565492744186,1.95135696834221,-0.487553694310466,0.406969509047312,1.34022995233439,-1.06775984676082,-0.232578474732037,1.284449362698,0.0831797320170895,1.20387809358399,1.51044880767685,0.814235119577648,0.247092341442146,0.256588903908414,0.265858139477023
31,"Heidelberg","lab",1,3,3,1,2,3,3,4,3,1,2,3,1,2.25,3.25,1.75,-0.987368611406461,-0.398268000280641,-1.06913295884122,1.89088855337666,0.406969509047312,0.349135533801396,-1.06775984676082,-0.232578474732037,0.279724527876454,0.0831797320170895,1.20387809358399,0.574396025454575,-0.710290210695395,0.247092341442146,0.256588903908414,-1.34762574148698
32,"Heidelberg","lab",1,3,4,3,3,0,4,2,1,4,4,4,4,3.25,1.75,4,0.27755930526556,1.31964966932368,0.185532087834971,0.725937248387047,0.406969509047312,1.34022995233439,0.952946960012347,0.677061781997707,-2.73444997658819,1.05915525435094,-0.654740717563224,-1.29770953898997,1.57649778471417,1.80024420193564,1.1086577168873,1.07260007995903
33,"Heidelberg","lab",1,2,4,3,4,3,3,3,2,1,0,2,3,3.25,2.75,1.5,0.0627602250759714,-0.630419036713657,-0.0932823669819616,-1.89520318783958,-0.646363337898672,1.34022995233439,0.952946960012347,1.58670203872745,0.279724527876454,0.0831797320170895,0.274568688010384,-0.361656756767695,-0.710290210695395,-1.30605951905134,-0.59547990907047,0.265858139477023
34,"Heidelberg","lab",1,3,1,1,1,3,3,3,1,0,2,3,3,1.5,2.5,2,0.18209304740352,0.669626767311232,-0.0932823669819616,-0.244855505770964,0.406969509047312,-1.63305330326459,-1.06775984676082,-1.14221873146178,0.279724527876454,0.0831797320170895,0.274568688010384,-1.29770953898997,-1.47255287583192,0.247092341442146,0.256588903908414,0.265858139477023
35,"Heidelberg","lab",1,3,4,1,3,3,4,3,3,1,1,1,3,2.75,3.25,1.5,-0.175905419579127,-1.14115131686629,1.11491360389141,-0.147776230355163,0.406969509047312,1.34022995233439,-1.06775984676082,0.677061781997707,0.279724527876454,1.05915525435094,0.274568688010384,0.574396025454575,-0.710290210695395,-0.529483588804599,-1.44754872204936,0.265858139477023
36,"Heidelberg","lab",1,1,3,2,3,3,3,3,1,1,1,2,3,2.25,2.5,1.75,0.18209304740352,-0.212547171134228,1.16138267969423,-1.07002934680527,-1.69969618484466,0.349135533801396,-0.0574064433742376,0.677061781997707,0.279724527876454,0.0831797320170895,0.274568688010384,-1.29770953898997,-0.710290210695395,-0.529483588804599,-0.59547990907047,0.265858139477023
37,"Heidelberg","lab",1,3,4,1,1,3,3,2,2,1,2,4,4,2.25,2.5,2.75,0.874223416903305,1.55180070575669,0.324939315243437,0.0463823204764393,0.406969509047312,1.34022995233439,-1.06775984676082,-1.14221873146178,0.279724527876454,0.0831797320170895,-0.654740717563224,-0.361656756767695,-0.710290210695395,0.247092341442146,1.1086577168873,1.07260007995903
38,"Heidelberg","lab",1,2,2,1,2,2,3,3,2,1,1,4,3,1.75,2.5,2.25,0.635557772248207,0.437475730878216,1.16138267969423,0.677397610679146,-0.646363337898672,-0.641958884731597,-1.06775984676082,-0.232578474732037,-0.725000306945094,0.0831797320170895,0.274568688010384,-0.361656756767695,-0.710290210695395,-0.529483588804599,1.1086577168873,0.265858139477023
39,"Heidelberg","lab",1,0,3,0,0,4,4,4,4,0,4,4,0,0.75,4,2,1.25608844835146,0.391045523591613,-0.372096821798894,0.580318335263345,-2.75302903179064,0.349135533801396,-2.07811325014741,-2.05185898819152,1.284449362698,1.05915525435094,1.20387809358399,1.51044880767685,-1.47255287583192,1.80024420193564,1.1086577168873,-2.15436768196899
40,"Heidelberg","lab",1,4,1,2,3,3,4,4,3,3,2,4,4,2.5,3.5,3.25,-0.820302660147892,0.48390593816482,0.278470239440615,0.240540871308041,1.4603023559933,-1.63305330326459,-0.0574064433742376,0.677061781997707,0.279724527876454,1.05915525435094,1.20387809358399,0.574396025454575,0.814235119577648,0.247092341442146,1.1086577168873,1.07260007995903
41,"Heidelberg","lab",1,3,3,2,1,3,3,3,3,0,0,0,0,2.25,3,0,0.683290901179227,0.112464279871994,0.882568224877301,1.30841290088185,0.406969509047312,0.349135533801396,-0.0574064433742376,-1.14221873146178,0.279724527876454,0.0831797320170895,0.274568688010384,0.574396025454575,-1.47255287583192,-1.30605951905134,-2.29961753502824,-2.15436768196899
42,"Heidelberg","lab",1,1,1,1,3,2,3,3,1,3,3,3,3,1.5,2.25,3,1.99595194678227,0.34461531630501,1.06844452808859,-0.0992365926472622,-1.69969618484466,-1.63305330326459,-1.06775984676082,0.677061781997707,-0.725000306945094,0.0831797320170895,0.274568688010384,-1.29770953898997,0.814235119577648,1.02366827168889,0.256588903908414,0.265858139477023
43,"Heidelberg","lab",1,1,1,1,1,4,3,4,4,0,1,2,2,1,3.75,1.25,0.134359918472501,-0.0732565492744186,1.67254251352528,-0.82733115826577,-1.69969618484466,-1.63305330326459,-1.06775984676082,-1.14221873146178,1.284449362698,0.0831797320170895,1.20387809358399,1.51044880767685,-1.47255287583192,-0.529483588804599,-0.59547990907047,-0.54088380100498
44,"Heidelberg","lab",1,3,3,1,2,4,4,4,4,0,2,3,4,2.25,4,2.25,1.5902203508686,-0.0732565492744186,1.11491360389141,0.968635436926549,0.406969509047312,0.349135533801396,-1.06775984676082,-0.232578474732037,1.284449362698,1.05915525435094,1.20387809358399,1.51044880767685,-1.47255287583192,0.247092341442146,0.256588903908414,1.07260007995903
45,"Heidelberg","lab",1,1,3,2,1,3,3,3,2,2,2,3,3,1.75,2.75,2.5,-0.319104806372186,-0.583988829427054,-0.883256655629936,1.01717507463445,-1.69969618484466,0.349135533801396,-0.0574064433742376,-1.14221873146178,0.279724527876454,0.0831797320170895,0.274568688010384,-0.361656756767695,0.0519724544411268,0.247092341442146,0.256588903908414,0.265858139477023
46,"Heidelberg","lab",1,1,3,1,1,4,3,4,3,1,0,1,1,1.5,3.5,0.75,-0.104305726182597,-0.630419036713657,0.510815618454725,-1.55542572388428,-1.69969618484466,0.349135533801396,-1.06775984676082,-1.14221873146178,1.284449362698,0.0831797320170895,1.20387809358399,0.574396025454575,-0.710290210695395,-1.30605951905134,-1.44754872204936,-1.34762574148698
47,"Heidelberg","lab",1,4,4,4,4,0,4,1,3,0,0,0,0,4,2,0,-0.772569531216872,0.948208011030852,-0.97619480723558,-1.79812391242378,1.4603023559933,1.34022995233439,1.96330036339893,1.58670203872745,-2.73444997658819,1.05915525435094,-1.58405012313683,0.574396025454575,-1.47255287583192,-1.30605951905134,-2.29961753502824,-2.15436768196899
48,"Heidelberg","lab",1,3,3,1,1,4,4,4,3,3,1,3,4,2,3.75,2.75,1.04128936816187,1.73752153490311,1.02197545228577,-0.341934781186765,0.406969509047312,0.349135533801396,-1.06775984676082,-1.14221873146178,1.284449362698,1.05915525435094,1.20387809358399,0.574396025454575,0.814235119577648,-0.529483588804599,0.256588903908414,1.07260007995903
49,"Heidelberg","lab",1,1,1,1,2,3,3,2,1,2,2,1,2,1.25,2.25,1.75,-1.53629959411319,-1.88403463345194,-0.557973125010182,-1.50688608617638,-1.69969618484466,-1.63305330326459,-1.06775984676082,-0.232578474732037,0.279724527876454,0.0831797320170895,-0.654740717563224,-1.29770953898997,0.0519724544411268,0.247092341442146,-1.44754872204936,-0.54088380100498
50,"Heidelberg","lab",1,2,1,3,1,4,3,4,4,1,1,4,4,1.75,3.75,2.5,1.01742280369636,-0.0268263419878154,0.696691921666013,0.968635436926549,-0.646363337898672,-1.63305330326459,0.952946960012347,-1.14221873146178,1.284449362698,0.0831797320170895,1.20387809358399,1.51044880767685,-0.710290210695395,-0.529483588804599,1.1086577168873,1.07260007995903
51,"Heidelberg","lab",1,1,0,1,1,4,3,4,1,0,3,3,4,0.75,3,2.5,-0.462304193165245,-2.6733481573242,-0.232689594390428,0.0949219581843398,-1.69969618484466,-2.62414772179758,-1.06775984676082,-1.14221873146178,1.284449362698,0.0831797320170895,1.20387809358399,-1.29770953898997,-1.47255287583192,1.02366827168889,0.256588903908414,1.07260007995903
52,"Heidelberg","lab",1,2,3,2,1,2,3,2,2,0,4,4,2,2,2.25,2.5,-0.462304193165245,-1.04829090229309,-0.418565897601716,0.0949219581843398,-0.646363337898672,0.349135533801396,-0.0574064433742376,-1.14221873146178,-0.725000306945094,0.0831797320170895,-0.654740717563224,-0.361656756767695,-1.47255287583192,1.80024420193564,1.1086577168873,-0.54088380100498
53,"Heidelberg","lab",1,2,3,1,1,4,4,2,1,1,2,0,3,1.75,2.75,1.5,1.68568660873064,1.55180070575669,-1.62676186847509,1.64819036483716,-0.646363337898672,0.349135533801396,-1.06775984676082,-1.14221873146178,1.284449362698,1.05915525435094,-0.654740717563224,-1.29770953898997,-0.710290210695395,0.247092341442146,-2.29961753502824,0.265858139477023
54,"Heidelberg","lab",1,4,3,3,4,1,1,1,1,0,2,2,2,3.5,1,1.5,0.707157465644736,0.48390593816482,0.510815618454725,-0.293395143478864,1.4603023559933,0.349135533801396,0.952946960012347,1.58670203872745,-1.72972514176664,-1.86877131265062,-1.58405012313683,-1.29770953898997,-1.47255287583192,0.247092341442146,-0.59547990907047,-0.54088380100498
55,"Heidelberg","lab",1,2,1,1,2,3,4,3,3,2,2,3,2,1.5,3.25,2.25,-0.605503579958304,-1.09472110957969,-0.790318504024292,-1.02148970909737,-0.646363337898672,-1.63305330326459,-1.06775984676082,-0.232578474732037,0.279724527876454,1.05915525435094,0.274568688010384,0.574396025454575,0.0519724544411268,0.247092341442146,0.256588903908414,-0.54088380100498
56,"Heidelberg","lab",1,2,2,1,2,3,4,4,4,1,1,2,3,1.75,3.75,1.75,0.27755930526556,-0.862570073146673,0.232001163637793,0.240540871308041,-0.646363337898672,-0.641958884731597,-1.06775984676082,-0.232578474732037,0.279724527876454,1.05915525435094,1.20387809358399,1.51044880767685,-0.710290210695395,-0.529483588804599,-0.59547990907047,0.265858139477023
57,"Heidelberg","lab",1,2,2,0,0,3,4,4,4,0,0,4,4,1,3.75,2,-1.05896830480299,-0.862570073146673,-0.604442200813004,0.677397610679146,-0.646363337898672,-0.641958884731597,-2.07811325014741,-2.05185898819152,0.279724527876454,1.05915525435094,1.20387809358399,1.51044880767685,-1.47255287583192,-1.30605951905134,1.1086577168873,1.07260007995903
58,"Heidelberg","lab",1,4,3,3,4,2,2,1,1,1,0,2,3,3.5,1.5,1.5,0.349158998662089,-0.630419036713657,0.789630073271657,0.192001233600141,1.4603023559933,0.349135533801396,0.952946960012347,1.58670203872745,-0.725000306945094,-0.892795790316763,-1.58405012313683,-1.29770953898997,-0.710290210695395,-1.30605951905134,-0.59547990907047,0.265858139477023
59,"Heidelberg","lab",1,2,1,1,3,3,1,1,3,3,3,3,3,1.75,2,3,0.0388936606104615,1.50537049847009,1.34725898290552,-0.536093332018367,-0.646363337898672,-1.63305330326459,-1.06775984676082,0.677061781997707,0.279724527876454,-1.86877131265062,-1.58405012313683,0.574396025454575,0.814235119577648,1.02366827168889,0.256588903908414,0.265858139477023
60,"Heidelberg","lab",1,2,1,1,1,4,4,4,4,2,2,3,3,1.25,4,2.5,-0.0327060327860679,2.43397464420215,2.41604772637043,0.725937248387047,-0.646363337898672,-1.63305330326459,-1.06775984676082,-1.14221873146178,1.284449362698,1.05915525435094,1.20387809358399,1.51044880767685,0.0519724544411268,0.247092341442146,0.256588903908414,0.265858139477023
61,"Heidelberg","lab",1,3,2,2,1,3,4,3,3,1,2,2,2,2,3.25,1.75,-0.390704499768715,0.716056974597836,-0.74384942822147,1.11425435005025,0.406969509047312,-0.641958884731597,-0.0574064433742376,-1.14221873146178,0.279724527876454,1.05915525435094,0.274568688010384,0.574396025454575,-0.710290210695395,0.247092341442146,-0.59547990907047,-0.54088380100498
62,"Heidelberg","lab",1,4,4,3,3,3,1,4,3,3,3,3,0,3.5,2.75,2.25,0.420758692058619,-0.212547171134228,0.371408391046259,0.580318335263345,1.4603023559933,1.34022995233439,0.952946960012347,0.677061781997707,0.279724527876454,-1.86877131265062,1.20387809358399,0.574396025454575,0.814235119577648,1.02366827168889,0.256588903908414,-2.15436768196899
63,"Heidelberg","lab",1,4,4,3,3,0,3,1,3,4,3,4,4,3.5,1.75,3.75,-2.25229652807848,-1.2804419387261,-1.39441648946098,-1.16710862222107,1.4603023559933,1.34022995233439,0.952946960012347,0.677061781997707,-2.73444997658819,0.0831797320170895,-1.58405012313683,0.574396025454575,1.57649778471417,1.02366827168889,1.1086577168873,1.07260007995903
64,"Heidelberg","lab",1,3,3,1,1,2,3,2,2,1,2,3,4,2,2.25,2.5,0.0150270961449517,1.18035904746387,-0.51150404920736,0.628857972971246,0.406969509047312,0.349135533801396,-1.06775984676082,-1.14221873146178,-0.725000306945094,0.0831797320170895,-0.654740717563224,-0.361656756767695,-0.710290210695395,0.247092341442146,0.256588903908414,1.07260007995903
65,"Heidelberg","lab",1,3,4,3,3,2,3,2,2,2,1,2,3,3.25,2.25,2,1.04128936816187,1.50537049847009,0.464346542651903,0.531778697555444,0.406969509047312,1.34022995233439,0.952946960012347,0.677061781997707,-0.725000306945094,0.0831797320170895,-0.654740717563224,-0.361656756767695,0.0519724544411268,-0.529483588804599,-0.59547990907047,0.265858139477023
66,"Heidelberg","lab",1,1,1,1,1,3,3,3,3,1,1,3,3,1,3,2,-1.5601661585787,0.0196038652987878,-0.790318504024292,-0.0021573172314612,-1.69969618484466,-1.63305330326459,-1.06775984676082,-1.14221873146178,0.279724527876454,0.0831797320170895,0.274568688010384,0.574396025454575,-0.710290210695395,-0.529483588804599,0.256588903908414,0.265858139477023
67,"Heidelberg","lab",1,3,3,3,3,1,3,1,1,1,3,3,3,3,1.5,2.5,-1.60789928750972,-1.00186069500648,-0.929725731432758,0.434699422139644,0.406969509047312,0.349135533801396,0.952946960012347,0.677061781997707,-1.72972514176664,0.0831797320170895,-1.58405012313683,-1.29770953898997,-0.710290210695395,1.02366827168889,0.256588903908414,0.265858139477023
68,"Heidelberg","lab",1,3,3,3,3,4,3,4,3,3,3,3,4,3,3.5,3.25,-0.724836402285853,-1.46616276787251,-1.48735464106662,-1.55542572388428,0.406969509047312,0.349135533801396,0.952946960012347,0.677061781997707,1.284449362698,0.0831797320170895,1.20387809358399,0.574396025454575,0.814235119577648,1.02366827168889,0.256588903908414,1.07260007995903
69,"Heidelberg","lab",1,1,0,1,2,4,3,4,3,0,0,2,2,1,3.5,1,-2.41936247933705,-2.02332525531175,-1.90557632329202,-2.62329775345809,-1.69969618484466,-2.62414772179758,-1.06775984676082,-0.232578474732037,1.284449362698,0.0831797320170895,1.20387809358399,0.574396025454575,-1.47255287583192,-1.30605951905134,-0.59547990907047,-0.54088380100498
70,"Heidelberg","lab",1,2,3,1,3,4,4,4,1,1,3,3,3,2.25,3.25,2.5,-0.963502046940951,-1.09472110957969,-0.650911276615826,-0.341934781186765,-0.646363337898672,0.349135533801396,-1.06775984676082,0.677061781997707,1.284449362698,1.05915525435094,1.20387809358399,-1.29770953898997,-0.710290210695395,1.02366827168889,0.256588903908414,0.265858139477023
71,"Heidelberg","lab",1,3,3,1,3,3,4,3,2,3,0,3,3,2.5,3,2.25,0.540091514386168,0.994638218317455,1.48666621031399,-0.147776230355163,0.406969509047312,0.349135533801396,-1.06775984676082,0.677061781997707,0.279724527876454,1.05915525435094,0.274568688010384,-0.361656756767695,0.814235119577648,-1.30605951905134,0.256588903908414,0.265858139477023
72,"Heidelberg","lab",1,3,4,2,2,4,4,4,3,3,3,3,2,2.75,3.75,2.75,0.110493354006991,0.251754901731804,-0.697380352418648,0.192001233600141,0.406969509047312,1.34022995233439,-0.0574064433742376,-0.232578474732037,1.284449362698,1.05915525435094,1.20387809358399,0.574396025454575,0.814235119577648,1.02366827168889,0.256588903908414,-0.54088380100498
73,"Heidelberg","lab",1,1,1,0,1,3,3,3,3,0,2,2,0,0.75,3,1,-0.247505112975656,0.48390593816482,0.278470239440615,0.289080509015942,-1.69969618484466,-1.63305330326459,-2.07811325014741,-1.14221873146178,0.279724527876454,0.0831797320170895,0.274568688010384,0.574396025454575,-1.47255287583192,0.247092341442146,-0.59547990907047,-2.15436768196899
74,"Heidelberg","lab",1,1,3,1,3,3,3,3,1,1,0,3,3,2,2.5,1.75,-0.247505112975656,-0.583988829427054,0.232001163637793,-0.147776230355163,-1.69969618484466,0.349135533801396,-1.06775984676082,0.677061781997707,0.279724527876454,0.0831797320170895,0.274568688010384,-1.29770953898997,-0.710290210695395,-1.30605951905134,0.256588903908414,0.265858139477023
75,"Heidelberg","lab",1,4,4,4,2,2,1,1,1,4,3,4,4,3.5,1.25,3.75,0.27755930526556,-0.67684924400026,-0.836787579827114,-0.730251882849969,1.4603023559933,1.34022995233439,1.96330036339893,-0.232578474732037,-0.725000306945094,-1.86877131265062,-1.58405012313683,-1.29770953898997,1.57649778471417,1.02366827168889,1.1086577168873,1.07260007995903
76,"Heidelberg","lab",1,3,2,1,2,4,4,4,3,2,0,3,4,2,3.75,2.25,1.25608844835146,-0.81613986586007,1.02197545228577,0.289080509015942,0.406969509047312,-0.641958884731597,-1.06775984676082,-0.232578474732037,1.284449362698,1.05915525435094,1.20387809358399,0.574396025454575,0.0519724544411268,-1.30605951905134,0.256588903908414,1.07260007995903
77,"Heidelberg","lab",1,1,1,1,1,2,3,2,3,4,1,4,3,1,2.5,3,-0.00883946832055809,1.13392884017726,0.0461248604265046,0.677397610679146,-1.69969618484466,-1.63305330326459,-1.06775984676082,-1.14221873146178,-0.725000306945094,0.0831797320170895,-0.654740717563224,0.574396025454575,1.57649778471417,-0.529483588804599,1.1086577168873,0.265858139477023
78,"Heidelberg","lab",1,3,3,3,3,3,2,2,2,1,0,2,3,3,2.25,1.5,0.563958078851678,0.808917389171042,0.696691921666013,-0.147776230355163,0.406969509047312,0.349135533801396,0.952946960012347,0.677061781997707,0.279724527876454,-0.892795790316763,-0.654740717563224,-0.361656756767695,-0.710290210695395,-1.30605951905134,-0.59547990907047,0.265858139477023
79,"Heidelberg","lab",1,3,3,1,1,4,4,3,3,4,1,3,4,2,3.5,3,0.349158998662089,1.13392884017726,-0.0468132911791395,-0.536093332018367,0.406969509047312,0.349135533801396,-1.06775984676082,-1.14221873146178,1.284449362698,1.05915525435094,0.274568688010384,0.574396025454575,1.57649778471417,-0.529483588804599,0.256588903908414,1.07260007995903
80,"Heidelberg","lab",1,3,4,2,3,2,4,1,1,2,3,4,3,3,2,3,0.0388936606104615,0.623196560024629,1.06844452808859,-1.02148970909737,0.406969509047312,1.34022995233439,-0.0574064433742376,0.677061781997707,-0.725000306945094,1.05915525435094,-1.58405012313683,-1.29770953898997,0.0519724544411268,1.02366827168889,1.1086577168873,0.265858139477023
81,"Heidelberg","lab",1,3,3,2,2,3,1,3,1,1,1,2,3,2.5,2,1.75,-0.510037322096264,0.066034072585391,-1.20854018624969,0.337620146723842,0.406969509047312,0.349135533801396,-0.0574064433742376,-0.232578474732037,0.279724527876454,-1.86877131265062,0.274568688010384,-1.29770953898997,-0.710290210695395,-0.529483588804599,-0.59547990907047,0.265858139477023
82,"Heidelberg","lab",1,1,3,1,2,3,3,4,0,0,1,1,4,1.75,2.5,1.5,0.468491820989638,-1.2340117314395,-1.34794741365816,-0.244855505770964,-1.69969618484466,0.349135533801396,-1.06775984676082,-0.232578474732037,0.279724527876454,0.0831797320170895,1.20387809358399,-2.23376232121224,-1.47255287583192,-0.529483588804599,-1.44754872204936,1.07260007995903
83,"Heidelberg","lab",1,2,3,3,3,4,4,4,4,2,0,4,4,2.75,4,2.5,-2.39549591487154,-0.862570073146673,-1.20854018624969,-1.99228246325538,-0.646363337898672,0.349135533801396,0.952946960012347,0.677061781997707,1.284449362698,1.05915525435094,1.20387809358399,1.51044880767685,0.0519724544411268,-1.30605951905134,1.1086577168873,1.07260007995903
84,"Heidelberg","lab",1,1,1,2,1,3,3,1,1,0,0,3,3,1.25,2,1.5,-0.223638548510146,-0.909000280433276,-0.000344215376317474,-1.02148970909737,-1.69969618484466,-1.63305330326459,-0.0574064433742376,-1.14221873146178,0.279724527876454,0.0831797320170895,-1.58405012313683,-1.29770953898997,-1.47255287583192,-1.30605951905134,0.256588903908414,0.265858139477023
85,"Heidelberg","lab",1,3,4,3,3,3,4,3,3,2,0,0,2,3.25,3.25,1,0.22982617633454,0.298185109018407,-0.650911276615826,1.55111108942136,0.406969509047312,1.34022995233439,0.952946960012347,0.677061781997707,0.279724527876454,1.05915525435094,0.274568688010384,0.574396025454575,0.0519724544411268,-1.30605951905134,-2.29961753502824,-0.54088380100498
86,"Heidelberg","lab",1,3,1,3,3,3,3,3,3,3,4,4,4,2.5,3,3.75,0.778757159041266,-0.0732565492744186,0.603753770060369,-1.99228246325538,0.406969509047312,-1.63305330326459,0.952946960012347,0.677061781997707,0.279724527876454,0.0831797320170895,0.274568688010384,0.574396025454575,0.814235119577648,1.80024420193564,1.1086577168873,1.07260007995903
87,"Heidelberg","lab",1,3,1,1,2,4,4,4,4,4,0,4,0,1.75,4,2,-1.46469990071666,0.0196038652987878,-1.53382371686945,1.01717507463445,0.406969509047312,-1.63305330326459,-1.06775984676082,-0.232578474732037,1.284449362698,1.05915525435094,1.20387809358399,1.51044880767685,1.57649778471417,-1.30605951905134,1.1086577168873,-2.15436768196899
88,"Heidelberg","lab",1,3,3,3,4,2,3,2,2,2,3,4,4,3.25,2.25,3.25,1.61408691533411,0.158894487158597,-0.186220518587606,0.823016523802848,0.406969509047312,0.349135533801396,0.952946960012347,1.58670203872745,-0.725000306945094,0.0831797320170895,-0.654740717563224,-0.361656756767695,0.0519724544411268,1.02366827168889,1.1086577168873,1.07260007995903
89,"Heidelberg","lab",1,3,1,1,0,2,2,3,1,2,2,1,2,1.25,2,1.75,-1.0828348692685,-1.83760442616534,-0.325627745996072,-2.57475811575019,0.406969509047312,-1.63305330326459,-1.06775984676082,-2.05185898819152,-0.725000306945094,-0.892795790316763,0.274568688010384,-1.29770953898997,0.0519724544411268,0.247092341442146,-1.44754872204936,-0.54088380100498
90,"Heidelberg","lab",1,2,2,1,2,3,3,3,0,1,1,3,4,1.75,2.25,2.25,0.444625256524128,0.623196560024629,0.929037300680123,0.0949219581843398,-0.646363337898672,-0.641958884731597,-1.06775984676082,-0.232578474732037,0.279724527876454,0.0831797320170895,0.274568688010384,-2.23376232121224,-0.710290210695395,-0.529483588804599,0.256588903908414,1.07260007995903
91,"Heidelberg","lab",1,3,4,3,3,3,4,3,3,3,3,2,2,3.25,3.25,2.5,-1.22603425606156,-0.0268263419878154,0.557284694257547,0.531778697555444,0.406969509047312,1.34022995233439,0.952946960012347,0.677061781997707,0.279724527876454,1.05915525435094,0.274568688010384,0.574396025454575,0.814235119577648,1.02366827168889,-0.59547990907047,-0.54088380100498
92,"Heidelberg","lab",1,3,4,2,0,3,3,3,2,4,4,4,3,2.25,2.75,3.75,-0.0804391617170875,-0.491128414853847,-0.186220518587606,1.74526964025296,0.406969509047312,1.34022995233439,-0.0574064433742376,-2.05185898819152,0.279724527876454,0.0831797320170895,0.274568688010384,-0.361656756767695,1.57649778471417,1.80024420193564,1.1086577168873,0.265858139477023
93,"Heidelberg","lab",1,2,3,3,4,3,4,3,3,3,3,3,3,3,3.25,3,1.20835531942044,1.22678925475047,0.371408391046259,1.64819036483716,-0.646363337898672,0.349135533801396,0.952946960012347,1.58670203872745,0.279724527876454,1.05915525435094,0.274568688010384,0.574396025454575,0.814235119577648,1.02366827168889,0.256588903908414,0.265858139477023
94,"Heidelberg","lab",1,4,3,3,3,2,3,2,1,3,3,4,3,3.25,2,3.25,0.0627602250759714,-1.83760442616534,-0.465034973404538,-0.584632969726267,1.4603023559933,0.349135533801396,0.952946960012347,0.677061781997707,-0.725000306945094,0.0831797320170895,-0.654740717563224,-1.29770953898997,0.814235119577648,1.02366827168889,1.1086577168873,0.265858139477023
95,"Heidelberg","lab",1,2,2,1,2,2,3,2,3,3,3,4,3,1.75,2.5,3.25,-0.557770451027284,-1.93046484073855,-0.883256655629936,0.434699422139644,-0.646363337898672,-0.641958884731597,-1.06775984676082,-0.232578474732037,-0.725000306945094,0.0831797320170895,-0.654740717563224,0.574396025454575,0.814235119577648,1.02366827168889,1.1086577168873,0.265858139477023
96,"Heidelberg","lab",1,3,3,3,4,3,4,3,3,0,0,3,3,3.25,3.25,1.5,0.802623723506776,0.716056974597836,0.603753770060369,0.0949219581843398,0.406969509047312,0.349135533801396,0.952946960012347,1.58670203872745,0.279724527876454,1.05915525435094,0.274568688010384,0.574396025454575,-1.47255287583192,-1.30605951905134,0.256588903908414,0.265858139477023
97,"Heidelberg","lab",1,4,3,3,3,3,4,4,4,2,0,3,3,3.25,3.75,2,1.61408691533411,1.50537049847009,1.34725898290552,0.289080509015942,1.4603023559933,0.349135533801396,0.952946960012347,0.677061781997707,0.279724527876454,1.05915525435094,1.20387809358399,1.51044880767685,0.0519724544411268,-1.30605951905134,0.256588903908414,0.265858139477023
98,"Heidelberg","lab",1,2,3,1,1,3,3,3,2,1,0,2,4,1.75,2.75,1.75,0.778757159041266,-0.398268000280641,1.39372805870834,0.14346159589224,-0.646363337898672,0.349135533801396,-1.06775984676082,-1.14221873146178,0.279724527876454,0.0831797320170895,0.274568688010384,-0.361656756767695,-0.710290210695395,-1.30605951905134,-0.59547990907047,1.07260007995903
99,"Heidelberg","lab",1,3,4,2,1,3,4,3,3,4,4,4,2,2.5,3.25,3.5,0.158226482938011,0.901777803744248,1.85841881673656,0.240540871308041,0.406969509047312,1.34022995233439,-0.0574064433742376,-1.14221873146178,0.279724527876454,1.05915525435094,0.274568688010384,0.574396025454575,1.57649778471417,1.80024420193564,1.1086577168873,-0.54088380100498
100,"Heidelberg","lab",1,4,4,2,3,4,0,4,4,4,2,3,4,3.25,3,3.25,0.0866267895414812,-0.212547171134228,-0.186220518587606,0.677397610679146,1.4603023559933,1.34022995233439,-0.0574064433742376,0.677061781997707,1.284449362698,-2.84474683498447,1.20387809358399,1.51044880767685,1.57649778471417,0.247092341442146,0.256588903908414,1.07260007995903
101,"Heidelberg","lab",1,3,0,1,3,4,3,4,4,2,0,1,3,1.75,3.75,1.5,-1.24990082052707,-1.1875815241529,-2.09145262650331,-1.02148970909737,0.406969509047312,-2.62414772179758,-1.06775984676082,0.677061781997707,1.284449362698,0.0831797320170895,1.20387809358399,1.51044880767685,0.0519724544411268,-1.30605951905134,-1.44754872204936,0.265858139477023
102,"Heidelberg","lab",1,3,3,2,3,2,3,2,1,2,0,2,3,2.75,2,1.75,-0.653236708889323,-0.212547171134228,-0.232689594390428,-0.0021573172314612,0.406969509047312,0.349135533801396,-0.0574064433742376,0.677061781997707,-0.725000306945094,0.0831797320170895,-0.654740717563224,-1.29770953898997,0.0519724544411268,-1.30605951905134,-0.59547990907047,0.265858139477023
103,"Heidelberg","lab",1,3,3,1,2,3,4,3,3,1,2,3,1,2.25,3.25,1.75,0.0150270961449517,-1.04829090229309,0.557284694257547,-1.16710862222107,0.406969509047312,0.349135533801396,-1.06775984676082,-0.232578474732037,0.279724527876454,1.05915525435094,0.274568688010384,0.574396025454575,-0.710290210695395,0.247092341442146,0.256588903908414,-1.34762574148698
104,"Heidelberg","lab",1,1,1,3,1,1,4,4,4,3,3,4,4,1.5,3.25,3.5,0.826490287972286,-0.955430487719879,-0.650911276615826,-0.487553694310466,-1.69969618484466,-1.63305330326459,0.952946960012347,-1.14221873146178,-1.72972514176664,1.05915525435094,1.20387809358399,1.51044880767685,0.814235119577648,1.02366827168889,1.1086577168873,1.07260007995903
105,"Heidelberg","lab",1,3,3,2,3,3,3,3,3,2,1,2,3,2.75,3,2,0.802623723506776,0.808917389171042,0.743160997468835,0.823016523802848,0.406969509047312,0.349135533801396,-0.0574064433742376,0.677061781997707,0.279724527876454,0.0831797320170895,0.274568688010384,0.574396025454575,0.0519724544411268,-0.529483588804599,-0.59547990907047,0.265858139477023
106,"Heidelberg","lab",1,2,3,1,3,3,4,4,3,2,3,3,2,2.25,3.5,2.5,0.110493354006991,-0.630419036713657,-0.000344215376317474,0.434699422139644,-0.646363337898672,0.349135533801396,-1.06775984676082,0.677061781997707,0.279724527876454,1.05915525435094,1.20387809358399,0.574396025454575,0.0519724544411268,1.02366827168889,0.256588903908414,-0.54088380100498
107,"Heidelberg","lab",1,2,2,3,3,3,3,3,3,2,0,2,1,2.5,3,1.25,-0.271371677441166,-0.909000280433276,-0.51150404920736,-0.972950071389472,-0.646363337898672,-0.641958884731597,0.952946960012347,0.677061781997707,0.279724527876454,0.0831797320170895,0.274568688010384,0.574396025454575,0.0519724544411268,-1.30605951905134,-0.59547990907047,-1.34762574148698
108,"Heidelberg","lab",1,3,3,4,3,4,1,4,3,3,1,3,3,3.25,3,2.5,-0.486170757630754,-0.444698207567244,-1.95204539909484,-0.147776230355163,0.406969509047312,0.349135533801396,1.96330036339893,0.677061781997707,1.284449362698,-1.86877131265062,1.20387809358399,0.574396025454575,0.814235119577648,-0.529483588804599,0.256588903908414,0.265858139477023
109,"Heidelberg","lab",1,4,4,2,4,3,3,3,1,4,0,4,4,3.5,2.5,3,1.63795347979962,-0.212547171134228,0.278470239440615,0.0949219581843398,1.4603023559933,1.34022995233439,-0.0574064433742376,1.58670203872745,0.279724527876454,0.0831797320170895,0.274568688010384,-1.29770953898997,1.57649778471417,-1.30605951905134,1.1086577168873,1.07260007995903
110,"Heidelberg","lab",1,2,3,2,1,2,3,3,3,3,2,4,4,2,2.75,3.25,0.826490287972286,1.87681215676292,-0.557973125010182,1.74526964025296,-0.646363337898672,0.349135533801396,-0.0574064433742376,-1.14221873146178,-0.725000306945094,0.0831797320170895,0.274568688010384,0.574396025454575,0.814235119577648,0.247092341442146,1.1086577168873,1.07260007995903
111,"Heidelberg","lab",1,3,3,4,4,3,4,3,2,3,3,4,4,3.5,3,3.5,0.587824643317187,1.41251008389688,0.417877466849081,1.45403181400555,0.406969509047312,0.349135533801396,1.96330036339893,1.58670203872745,0.279724527876454,1.05915525435094,0.274568688010384,-0.361656756767695,0.814235119577648,1.02366827168889,1.1086577168873,1.07260007995903
112,"Heidelberg","lab",1,3,4,2,3,4,3,3,3,3,1,4,4,3,3.25,3,0.993556239230854,0.066034072585391,0.185532087834971,-0.0506969549393617,0.406969509047312,1.34022995233439,-0.0574064433742376,0.677061781997707,1.284449362698,0.0831797320170895,0.274568688010384,0.574396025454575,0.814235119577648,-0.529483588804599,1.1086577168873,1.07260007995903
113,"Heidelberg","lab",1,1,3,1,1,3,4,3,3,1,0,0,4,1.5,3.25,1.25,1.25608844835146,0.158894487158597,-0.0932823669819616,-0.972950071389472,-1.69969618484466,0.349135533801396,-1.06775984676082,-1.14221873146178,0.279724527876454,1.05915525435094,0.274568688010384,0.574396025454575,-0.710290210695395,-1.30605951905134,-2.29961753502824,1.07260007995903
114,"Heidelberg","lab",1,3,3,3,4,3,3,3,1,4,2,3,1,3.25,2.5,2.5,-1.20216769159605,0.205324694445201,-0.325627745996072,-0.0506969549393617,0.406969509047312,0.349135533801396,0.952946960012347,1.58670203872745,0.279724527876454,0.0831797320170895,0.274568688010384,-1.29770953898997,1.57649778471417,0.247092341442146,0.256588903908414,-1.34762574148698
115,"Heidelberg","lab",1,1,1,1,1,3,4,3,3,0,2,3,3,1,3.25,2,-0.868035789078912,-1.3268721460127,-1.48735464106662,-0.487553694310466,-1.69969618484466,-1.63305330326459,-1.06775984676082,-1.14221873146178,0.279724527876454,1.05915525435094,0.274568688010384,0.574396025454575,-1.47255287583192,0.247092341442146,0.256588903908414,0.265858139477023
116,"Heidelberg","lab",1,4,3,3,4,1,4,3,3,4,3,3,3,3.5,2.75,3.25,0.659424336713717,0.623196560024629,1.34725898290552,-0.196315868063063,1.4603023559933,0.349135533801396,0.952946960012347,1.58670203872745,-1.72972514176664,1.05915525435094,0.274568688010384,0.574396025454575,1.57649778471417,1.02366827168889,0.256588903908414,0.265858139477023
117,"Heidelberg","lab",1,1,3,1,2,3,3,4,3,4,3,3,4,1.75,3.25,3.5,0.778757159041266,0.576766352738026,-0.27915867019325,1.79380927796086,-1.69969618484466,0.349135533801396,-1.06775984676082,-0.232578474732037,0.279724527876454,0.0831797320170895,1.20387809358399,0.574396025454575,1.57649778471417,1.02366827168889,0.256588903908414,1.07260007995903
118,"Heidelberg","lab",1,3,3,3,4,3,3,1,1,4,4,4,2,3.25,2,3.5,-0.486170757630754,0.298185109018407,-1.11560203464405,0.0463823204764393,0.406969509047312,0.349135533801396,0.952946960012347,1.58670203872745,0.279724527876454,0.0831797320170895,-1.58405012313683,-1.29770953898997,1.57649778471417,1.80024420193564,1.1086577168873,-0.54088380100498
119,"Heidelberg","lab",1,2,3,3,1,3,3,3,3,0,0,3,4,2.25,3,1.75,1.30382157728248,0.530336145451423,-0.883256655629936,0.289080509015942,-0.646363337898672,0.349135533801396,0.952946960012347,-1.14221873146178,0.279724527876454,0.0831797320170895,0.274568688010384,0.574396025454575,-1.47255287583192,-1.30605951905134,0.256588903908414,1.07260007995903
120,"Heidelberg","lab",1,1,3,2,3,1,1,1,1,3,3,4,4,2.25,1,3.5,2.04368507571329,0.48390593816482,-1.25500926205251,-0.147776230355163,-1.69969618484466,0.349135533801396,-0.0574064433742376,0.677061781997707,-1.72972514176664,-1.86877131265062,-1.58405012313683,-1.29770953898997,0.814235119577648,1.02366827168889,1.1086577168873,1.07260007995903
121,"Heidelberg","lab",1,1,1,1,1,3,3,4,3,2,3,3,4,1,3.25,3,-0.462304193165245,-0.583988829427054,0.650222845863191,-1.36126717305268,-1.69969618484466,-1.63305330326459,-1.06775984676082,-1.14221873146178,0.279724527876454,0.0831797320170895,1.20387809358399,0.574396025454575,0.0519724544411268,1.02366827168889,0.256588903908414,1.07260007995903
122,"Heidelberg","lab",1,3,3,1,3,4,4,4,4,4,4,4,4,2.5,4,4,2.09141820464431,0.437475730878216,-0.0468132911791395,-0.439014056602566,0.406969509047312,0.349135533801396,-1.06775984676082,0.677061781997707,1.284449362698,1.05915525435094,1.20387809358399,1.51044880767685,1.57649778471417,1.80024420193564,1.1086577168873,1.07260007995903
123,"Heidelberg","lab",1,3,2,1,2,3,3,3,2,3,2,4,4,2,2.75,3.25,1.23222188388595,0.576766352738026,1.3007899071027,-1.50688608617638,0.406969509047312,-0.641958884731597,-1.06775984676082,-0.232578474732037,0.279724527876454,0.0831797320170895,0.274568688010384,-0.361656756767695,0.814235119577648,0.247092341442146,1.1086577168873,1.07260007995903
124,"Heidelberg","lab",1,3,4,2,3,3,3,4,3,3,3,4,4,3,3.25,3.5,0.826490287972286,0.391045523591613,-1.11560203464405,-0.0992365926472622,0.406969509047312,1.34022995233439,-0.0574064433742376,0.677061781997707,0.279724527876454,0.0831797320170895,1.20387809358399,0.574396025454575,0.814235119577648,1.02366827168889,1.1086577168873,1.07260007995903
125,"Heidelberg","lab",1,3,3,2,1,4,4,3,3,2,2,4,4,2.25,3.5,3,-0.844169224613402,0.948208011030852,-1.62676186847509,-1.16710862222107,0.406969509047312,0.349135533801396,-0.0574064433742376,-1.14221873146178,1.284449362698,1.05915525435094,0.274568688010384,0.574396025454575,0.0519724544411268,0.247092341442146,1.1086577168873,1.07260007995903
126,"Heidelberg","lab",1,1,3,1,1,3,4,3,4,1,1,3,1,1.5,3.5,1.5,-1.01123517587197,0.205324694445201,0.278470239440615,0.0949219581843398,-1.69969618484466,0.349135533801396,-1.06775984676082,-1.14221873146178,0.279724527876454,1.05915525435094,0.274568688010384,1.51044880767685,-0.710290210695395,-0.529483588804599,0.256588903908414,-1.34762574148698
127,"Heidelberg","lab",1,3,3,1,2,1,3,1,0,4,4,4,4,2.25,1.25,4,-0.533903886561774,0.716056974597836,0.557284694257547,-1.36126717305268,0.406969509047312,0.349135533801396,-1.06775984676082,-0.232578474732037,-1.72972514176664,0.0831797320170895,-1.58405012313683,-2.23376232121224,1.57649778471417,1.80024420193564,1.1086577168873,1.07260007995903
128,"Heidelberg","lab",1,4,3,4,4,1,2,1,3,1,0,0,0,3.75,1.75,0.25,-0.915768918009931,-0.769709658573466,-0.0932823669819616,-0.82733115826577,1.4603023559933,0.349135533801396,1.96330036339893,1.58670203872745,-1.72972514176664,-0.892795790316763,-1.58405012313683,0.574396025454575,-0.710290210695395,-1.30605951905134,-2.29961753502824,-2.15436768196899
129,"Heidelberg","lab",1,3,3,2,1,4,3,4,1,3,3,3,3,2.25,3,3,-1.0828348692685,-0.0268263419878154,-0.418565897601716,-0.244855505770964,0.406969509047312,0.349135533801396,-0.0574064433742376,-1.14221873146178,1.284449362698,0.0831797320170895,1.20387809358399,-1.29770953898997,0.814235119577648,1.02366827168889,0.256588903908414,0.265858139477023
130,"Heidelberg","lab",1,1,3,2,1,2,3,3,3,0,0,1,1,1.75,2.75,0.5,1.90048568892023,1.5982309130433,0.232001163637793,0.289080509015942,-1.69969618484466,0.349135533801396,-0.0574064433742376,-1.14221873146178,-0.725000306945094,0.0831797320170895,0.274568688010384,0.574396025454575,-1.47255287583192,-1.30605951905134,-1.44754872204936,-1.34762574148698
131,"Heidelberg","lab",1,3,3,2,3,3,3,3,3,0,0,1,3,2.75,3,1,-0.462304193165245,0.855347596457645,1.02197545228577,0.531778697555444,0.406969509047312,0.349135533801396,-0.0574064433742376,0.677061781997707,0.279724527876454,0.0831797320170895,0.274568688010384,0.574396025454575,-1.47255287583192,-1.30605951905134,-1.44754872204936,0.265858139477023
132,"Heidelberg","lab",1,3,3,3,3,3,2,2,2,3,1,3,3,3,2.25,2.5,0.0627602250759714,-1.1875815241529,-1.48735464106662,-0.730251882849969,0.406969509047312,0.349135533801396,0.952946960012347,0.677061781997707,0.279724527876454,-0.892795790316763,-0.654740717563224,-0.361656756767695,0.814235119577648,-0.529483588804599,0.256588903908414,0.265858139477023
133,"Heidelberg","lab",1,3,3,2,2,4,0,0,3,3,1,2,1,2.5,1.75,1.75,-1.5601661585787,-0.444698207567244,-0.465034973404538,-0.244855505770964,0.406969509047312,0.349135533801396,-0.0574064433742376,-0.232578474732037,1.284449362698,-2.84474683498447,-2.51335952871044,0.574396025454575,0.814235119577648,-0.529483588804599,-0.59547990907047,-1.34762574148698
134,"Heidelberg","lab",1,3,2,2,3,3,4,3,3,1,1,4,2,2.5,3.25,2,-0.390704499768715,0.576766352738026,-0.0932823669819616,-0.244855505770964,0.406969509047312,-0.641958884731597,-0.0574064433742376,0.677061781997707,0.279724527876454,1.05915525435094,0.274568688010384,0.574396025454575,-0.710290210695395,-0.529483588804599,1.1086577168873,-0.54088380100498
135,"Heidelberg","lab",1,2,2,2,2,3,3,3,3,1,1,3,4,2,3,2.25,-0.868035789078912,-0.53755862214045,0.417877466849081,-0.875870795973671,-0.646363337898672,-0.641958884731597,-0.0574064433742376,-0.232578474732037,0.279724527876454,0.0831797320170895,0.274568688010384,0.574396025454575,-0.710290210695395,-0.529483588804599,0.256588903908414,1.07260007995903
136,"Heidelberg","lab",3,4,3,3,0,2,0,0,2,3,0,1,1,2.5,1,1.25,1.10137017565111,-0.138745321555818,0.227474143618293,0.181992921906828,1.4603023559933,0.349135533801396,0.952946960012347,-2.05185898819152,-0.725000306945094,-2.84474683498447,-2.51335952871044,-0.361656756767695,0.814235119577648,-1.30605951905134,-1.44754872204936,-1.34762574148698
137,"Heidelberg","lab",3,3,2,1,2,2,1,2,2,2,2,2,1,2,1.75,1.75,0.526763269618126,1.13687075602101,1.30075492442048,0.972637668733842,0.406969509047312,-0.641958884731597,-1.06775984676082,-0.232578474732037,-0.725000306945094,-1.86877131265062,-0.654740717563224,-0.361656756767695,0.0519724544411268,0.247092341442146,-0.59547990907047,-1.34762574148698
138,"Heidelberg","lab",3,3,2,2,0,1,1,0,1,2,1,0,0,1.75,0.75,0.75,0.170110707252826,0.412872441720649,1.52281301700024,-0.213329451506679,0.406969509047312,-0.641958884731597,-0.0574064433742376,-2.05185898819152,-1.72972514176664,-1.86877131265062,-2.51335952871044,-1.29770953898997,0.0519724544411268,-0.529483588804599,-2.29961753502824,-2.15436768196899
139,"Heidelberg","lab",3,3,3,2,2,3,1,3,2,3,3,1,0,2.5,2.25,1.75,0.764531644528325,1.24029908663535,1.33776460651711,1.36796004214735,0.406969509047312,0.349135533801396,-0.0574064433742376,-0.232578474732037,0.279724527876454,-1.86877131265062,0.274568688010384,-0.361656756767695,0.814235119577648,1.02366827168889,-1.44754872204936,-2.15436768196899
140,"Heidelberg","lab",3,3,3,4,1,2,0,1,3,3,1,1,1,2.75,1.5,1.5,0.903229863225941,0.447348551925428,1.1897258781306,-0.658067121596874,0.406969509047312,0.349135533801396,1.96330036339893,-1.14221873146178,-0.725000306945094,-2.84474683498447,-1.58405012313683,0.574396025454575,0.814235119577648,-0.529483588804599,-1.44754872204936,-1.34762574148698
141,"Heidelberg","lab",3,4,2,1,1,1,0,0,2,3,1,3,1,2,0.75,2,0.764531644528325,0.585252992744544,0.671590328777818,0.873807075380466,1.4603023559933,-0.641958884731597,-1.06775984676082,-1.14221873146178,-1.72972514176664,-2.84474683498447,-2.51335952871044,-0.361656756767695,0.814235119577648,-0.529483588804599,0.256588903908414,-1.34762574148698
142,"Heidelberg","lab",3,3,1,1,3,1,3,3,1,0,3,3,2,2,2,2,-0.0874716988998897,-0.345601982784493,-0.105612995251351,-0.114498858153302,0.406969509047312,-1.63305330326459,-1.06775984676082,0.677061781997707,-1.72972514176664,0.0831797320170895,0.274568688010384,-1.29770953898997,-1.47255287583192,1.02366827168889,0.256588903908414,-0.54088380100498
143,"Heidelberg","lab",3,2,1,2,1,0,3,0,1,3,0,3,2,1.5,1,2,-0.404496198780156,-0.000840880736701166,2.07795824844965,-0.707482418273563,-0.646363337898672,-1.63305330326459,-0.0574064433742376,-1.14221873146178,-2.73444997658819,0.0831797320170895,-2.51335952871044,-1.29770953898997,0.814235119577648,-1.30605951905134,0.256588903908414,-0.54088380100498
144,"Heidelberg","lab",3,3,2,3,1,1,0,1,1,2,1,2,2,2.25,0.75,1.75,1.25988242559124,1.06791853561145,-0.475709816217623,0.231408218583517,0.406969509047312,-0.641958884731597,0.952946960012347,-1.14221873146178,-1.72972514176664,-2.84474683498447,-1.58405012313683,-1.29770953898997,0.0519724544411268,-0.529483588804599,-0.59547990907047,-0.54088380100498
145,"Heidelberg","lab",3,2,3,3,2,3,3,3,2,4,3,4,4,2.5,2.75,3.75,0.843787769498392,0.447348551925428,1.70786142748338,1.07146826208722,-0.646363337898672,0.349135533801396,0.952946960012347,-0.232578474732037,0.279724527876454,0.0831797320170895,0.274568688010384,-0.361656756767695,1.57649778471417,1.02366827168889,1.1086577168873,1.07260007995903
146,"Heidelberg","lab",3,2,3,1,1,4,4,4,4,0,0,0,4,1.75,4,1,-0.563008448720289,-0.655886974627505,-1.25291314024679,0.676145888673712,-0.646363337898672,0.349135533801396,-1.06775984676082,-1.14221873146178,1.284449362698,1.05915525435094,1.20387809358399,1.51044880767685,-1.47255287583192,-1.30605951905134,-2.29961753502824,1.07260007995903
147,"Heidelberg","lab",3,2,3,2,3,3,3,3,2,2,1,3,2,2.5,2.75,2,-0.800776823630488,-1.41436139913265,0.375512872004801,-0.559236528243498,-0.646363337898672,0.349135533801396,-0.0574064433742376,0.677061781997707,0.279724527876454,0.0831797320170895,0.274568688010384,-0.361656756767695,0.0519724544411268,-0.529483588804599,0.256588903908414,-0.54088380100498
148,"Heidelberg","lab",3,2,2,1,2,3,3,3,2,0,0,2,2,1.75,2.75,1,-1.91036257321142,-1.31093306851831,-0.031593631058097,0.873807075380466,-0.646363337898672,-0.641958884731597,-1.06775984676082,-0.232578474732037,0.279724527876454,0.0831797320170895,0.274568688010384,-0.361656756767695,-1.47255287583192,-1.30605951905134,-0.59547990907047,-0.54088380100498
149,"Heidelberg","lab",3,3,3,4,4,2,1,1,0,0,3,2,2,3.5,1,1.75,0.407879082163026,0.412872441720649,-0.438700134120995,0.0831623285534514,0.406969509047312,0.349135533801396,1.96330036339893,1.58670203872745,-0.725000306945094,-1.86877131265062,-1.58405012313683,-2.23376232121224,-1.47255287583192,1.02366827168889,-0.59547990907047,-0.54088380100498
150,"Heidelberg","lab",3,3,3,3,2,3,3,3,3,3,1,3,3,2.75,3,2.5,-2.06887482315155,-1.10407640728963,-0.475709816217623,-0.312160044860056,0.406969509047312,0.349135533801396,0.952946960012347,-0.232578474732037,0.279724527876454,0.0831797320170895,0.274568688010384,0.574396025454575,0.814235119577648,-0.529483588804599,0.256588903908414,0.265858139477023
151,"Heidelberg","lab",3,3,3,3,3,2,1,2,2,3,4,4,4,3,1.75,3.75,0.348436988435476,-0.621410864422726,0.634580646681191,-1.94286483519077,0.406969509047312,0.349135533801396,0.952946960012347,0.677061781997707,-0.725000306945094,-1.86877131265062,-0.654740717563224,-0.361656756767695,0.814235119577648,1.80024420193564,1.1086577168873,1.07260007995903
152,"Heidelberg","lab",3,4,2,3,4,3,3,3,2,2,3,3,4,3.25,2.75,3,-0.0280296051723399,0.240491890696753,-0.77178727299064,-0.80631301162694,1.4603023559933,-0.641958884731597,0.952946960012347,1.58670203872745,0.279724527876454,0.0831797320170895,0.274568688010384,-0.361656756767695,0.0519724544411268,1.02366827168889,0.256588903908414,1.07260007995903
153,"Heidelberg","lab",3,4,3,3,3,2,3,1,3,1,2,4,4,3.25,2.25,2.75,1.67597708168409,0.895537984587557,0.745609692971073,1.66445182220748,1.4603023559933,0.349135533801396,0.952946960012347,0.677061781997707,-0.725000306945094,0.0831797320170895,-1.58405012313683,0.574396025454575,-0.710290210695395,0.247092341442146,1.1086577168873,1.07260007995903
154,"Heidelberg","lab",3,3,3,1,2,4,3,4,3,1,2,2,3,2.25,3.5,2,-0.463938292507706,-0.311125872579713,-0.0686033131547242,0.923222372057154,0.406969509047312,0.349135533801396,-1.06775984676082,-0.232578474732037,1.284449362698,0.0831797320170895,1.20387809358399,0.574396025454575,-0.710290210695395,0.247092341442146,-0.59547990907047,0.265858139477023
155,"Heidelberg","lab",3,2,1,1,1,2,2,3,2,1,0,3,3,1.25,2.25,1.75,0.923043894468458,0.619729102949323,-0.882816319280521,1.96094360226761,-0.646363337898672,-1.63305330326459,-1.06775984676082,-1.14221873146178,-0.725000306945094,-0.892795790316763,0.274568688010384,-0.361656756767695,-0.710290210695395,-1.30605951905134,0.256588903908414,0.265858139477023
156,"Heidelberg","lab",3,3,0,3,3,3,4,3,3,1,1,4,4,2.25,3.25,2.5,-0.681892636175388,1.30925130704491,0.338503189908174,-0.0650835614766138,0.406969509047312,-2.62414772179758,0.952946960012347,0.677061781997707,0.279724527876454,1.05915525435094,0.274568688010384,0.574396025454575,-0.710290210695395,-0.529483588804599,1.1086577168873,1.07260007995903
157,"Heidelberg","lab",3,4,3,3,4,3,4,3,2,3,2,3,3,3.5,3,2.75,0.368251019677993,-0.828267525651401,0.0424257331351572,-0.559236528243498,1.4603023559933,0.349135533801396,0.952946960012347,1.58670203872745,0.279724527876454,1.05915525435094,0.274568688010384,-0.361656756767695,0.814235119577648,0.247092341442146,0.256588903908414,0.265858139477023
158,"Heidelberg","lab",3,3,3,3,3,4,3,4,4,2,3,3,4,3,3.75,3,-0.463938292507706,0.033635229468078,0.856638739260954,-0.658067121596874,0.406969509047312,0.349135533801396,0.952946960012347,0.677061781997707,1.284449362698,0.0831797320170895,1.20387809358399,1.51044880767685,0.0519724544411268,1.02366827168889,0.256588903908414,1.07260007995903
159,"Heidelberg","lab",3,3,3,3,3,3,3,3,1,3,1,4,3,3,2.5,2.75,-0.107285730142406,-1.0006480766753,0.375512872004801,-1.3992965717472,0.406969509047312,0.349135533801396,0.952946960012347,0.677061781997707,0.279724527876454,0.0831797320170895,0.274568688010384,-1.29770953898997,0.814235119577648,-0.529483588804599,1.1086577168873,0.265858139477023
160,"Heidelberg","lab",3,3,3,1,1,3,4,3,3,0,1,2,1,2,3.25,1,-0.245983948840023,0.895537984587557,0.634580646681191,-1.54754246177727,0.406969509047312,0.349135533801396,-1.06775984676082,-1.14221873146178,0.279724527876454,1.05915525435094,0.274568688010384,0.574396025454575,-1.47255287583192,-0.529483588804599,-0.59547990907047,-1.34762574148698
161,"Heidelberg","lab",3,2,3,3,2,3,2,3,2,2,3,3,3,2.5,2.5,2.75,-0.14691379262744,-0.104269211351039,0.00541605103853008,-0.0650835614766138,-0.646363337898672,0.349135533801396,0.952946960012347,-0.232578474732037,0.279724527876454,-0.892795790316763,0.274568688010384,-0.361656756767695,0.0519724544411268,1.02366827168889,0.256588903908414,0.265858139477023
162,"Heidelberg","lab",3,3,3,1,2,3,2,2,1,2,3,3,3,2.25,2,2.75,0.883415831983425,-0.966171966470517,0.856638739260954,-0.509821231566809,0.406969509047312,0.349135533801396,-1.06775984676082,-0.232578474732037,0.279724527876454,-0.892795790316763,-0.654740717563224,-1.29770953898997,0.0519724544411268,1.02366827168889,0.256588903908414,0.265858139477023
163,"Heidelberg","lab",3,3,3,2,3,3,3,3,3,3,3,4,2,2.75,3,3,1.75523320665416,1.44715574786402,0.412522554101429,1.41737533882404,0.406969509047312,0.349135533801396,-0.0574064433742376,0.677061781997707,0.279724527876454,0.0831797320170895,0.274568688010384,0.574396025454575,0.814235119577648,1.02366827168889,1.1086577168873,-0.54088380100498
164,"Heidelberg","lab",3,4,1,2,3,2,2,2,2,1,1,2,3,2.5,2,1.75,0.645647457073225,0.309444111106311,-0.0686033131547242,0.379654108613582,1.4603023559933,-1.63305330326459,-0.0574064433742376,0.677061781997707,-0.725000306945094,-0.892795790316763,-0.654740717563224,-0.361656756767695,-0.710290210695395,-0.529483588804599,-0.59547990907047,0.265858139477023
165,"Heidelberg","lab",3,3,3,1,3,3,3,3,3,2,2,3,1,2.5,3,2,-1.8905485419689,-0.104269211351039,-2.10413582846922,0.280823515260205,0.406969509047312,0.349135533801396,-1.06775984676082,0.677061781997707,0.279724527876454,0.0831797320170895,0.274568688010384,0.574396025454575,0.0519724544411268,0.247092341442146,0.256588903908414,-1.34762574148698
166,"Heidelberg","lab",3,3,3,3,3,1,1,1,1,2,2,2,3,3,1,2.25,-0.880032948600555,-1.20750473790397,-1.91908741798608,-0.213329451506679,0.406969509047312,0.349135533801396,0.952946960012347,0.677061781997707,-1.72972514176664,-1.86877131265062,-1.58405012313683,-1.29770953898997,0.0519724544411268,0.247092341442146,-0.59547990907047,0.265858139477023
167,"Heidelberg","lab",3,2,3,3,3,2,3,3,3,2,1,2,3,2.75,2.75,2,-0.662078604932872,-3.89664133387674,-0.25365172363786,0.972637668733842,-0.646363337898672,0.349135533801396,0.952946960012347,0.677061781997707,-0.725000306945094,0.0831797320170895,0.274568688010384,0.574396025454575,0.0519724544411268,-0.529483588804599,-0.59547990907047,0.265858139477023
168,"Heidelberg","lab",3,2,2,2,4,2,4,4,3,0,0,0,0,2.5,3.25,0,1.39858064428886,0.240491890696753,0.0424257331351572,0.626730591997024,-0.646363337898672,-0.641958884731597,-0.0574064433742376,1.58670203872745,-0.725000306945094,1.05915525435094,1.20387809358399,0.574396025454575,-1.47255287583192,-1.30605951905134,-2.29961753502824,-2.15436768196899
169,"Heidelberg","lab",3,3,4,2,1,1,3,1,1,1,0,4,4,2.5,1.5,2.25,0.447507144648059,0.206015780491974,0.634580646681191,-0.559236528243498,0.406969509047312,1.34022995233439,-0.0574064433742376,-1.14221873146178,-1.72972514176664,0.0831797320170895,-1.58405012313683,-1.29770953898997,-0.710290210695395,-1.30605951905134,1.1086577168873,1.07260007995903
170,"Heidelberg","lab",3,3,3,1,3,4,4,4,4,1,0,1,3,2.5,4,1.25,0.110668613525276,0.792109653973219,-0.660758226700758,-0.262744748183367,0.406969509047312,0.349135533801396,-1.06775984676082,0.677061781997707,1.284449362698,1.05915525435094,1.20387809358399,1.51044880767685,-0.710290210695395,-1.30605951905134,-1.44754872204936,0.265858139477023
171,"Heidelberg","lab",3,4,4,3,4,1,2,2,2,4,4,4,0,3.75,1.75,3,-2.1283169168791,-0.000840880736701166,-1.36394218653667,-2.04169542854415,1.4603023559933,1.34022995233439,0.952946960012347,1.58670203872745,-1.72972514176664,-0.892795790316763,-0.654740717563224,-0.361656756767695,1.57649778471417,1.80024420193564,1.1086577168873,-2.15436768196899
172,"Heidelberg","lab",3,2,3,2,3,3,3,3,4,4,3,4,3,2.5,3.25,3.5,-0.0280296051723399,0.102587449877636,-0.438700134120995,-0.559236528243498,-0.646363337898672,0.349135533801396,-0.0574064433742376,0.677061781997707,0.279724527876454,0.0831797320170895,0.274568688010384,1.51044880767685,1.57649778471417,1.02366827168889,1.1086577168873,0.265858139477023
173,"Heidelberg","lab",3,3,3,3,2,2,2,2,2,3,3,3,2,2.75,2,2.75,0.685275519558259,-0.724839195037063,-0.623748544604131,0.577315295320335,0.406969509047312,0.349135533801396,0.952946960012347,-0.232578474732037,-0.725000306945094,-0.892795790316763,-0.654740717563224,-0.361656756767695,0.814235119577648,1.02366827168889,0.256588903908414,-0.54088380100498
174,"Heidelberg","lab",3,3,3,3,3,3,2,3,2,0,0,2,1,3,2.5,0.75,-1.31594163593592,0.826585764177998,-1.91908741798608,-2.2393566152509,0.406969509047312,0.349135533801396,0.952946960012347,0.677061781997707,0.279724527876454,-0.892795790316763,0.274568688010384,-0.361656756767695,-1.47255287583192,-1.30605951905134,-0.59547990907047,-1.34762574148698
175,"Heidelberg","lab",3,4,3,3,3,3,3,1,2,3,3,3,1,3.25,2.25,2.5,-1.4150117921485,-0.242173652170155,-1.62300996121306,-0.312160044860056,1.4603023559933,0.349135533801396,0.952946960012347,0.677061781997707,0.279724527876454,0.0831797320170895,-1.58405012313683,-0.361656756767695,0.814235119577648,1.02366827168889,0.256588903908414,-1.34762574148698
176,"Heidelberg","lab",3,3,4,2,3,4,4,4,4,4,4,4,4,3,4,4,0.308808925950443,1.30925130704491,-0.51271949831425,1.1702988554406,0.406969509047312,1.34022995233439,-0.0574064433742376,0.677061781997707,1.284449362698,1.05915525435094,1.20387809358399,1.51044880767685,1.57649778471417,1.80024420193564,1.1086577168873,1.07260007995903
